,label,size,time,nb_rounds,round1,round2,round3,round4,round5,round6,round7,round8,round9,round10,round11,round12,round13,round14,round15,round16,round17,round18,round19,round20,round21,round22,round23,round24,round25,round26,round27,round28,round29,round30,round31,round32,round33,round34,round35,round36,round37,round38,round39,round40,round41,round42,round43,round44,round45,round46,round47,round48,round49,round50,round51,round52,round53,round54,round55,round56,round57,round58,round59,round60,round61,round62,round63,round64,round65,round66,round67,round68,round69,round70,round71,round72,round73,round74,round75,round76,round77,round78,round79,round80,round81,round82,round83,round84,round85,round86,round87,round88,round89,round90,round91,round92,round93,round94,round95,round96,round97,round98,round99,round100,round101,round102,round103,round104,round105,round106,round107,round108,round109,round110,round111,round112,round113,round114,round115,round116,round117,round118,round119,round120,round121,round122,round123,round124,round125,round126,round127,round128,round129,round130,round131,round132,round133,round134,round135,round136,round137,round138,round139,round140,round141,round142,round143,round144,round145,round146,round147,round148,round149,round150,round151,round152,round153,round154,round155,round156,round157,round158,round159,round160,round161,round162,round163,round164,round165,round166,round167,round168,round169,round170,round171,round172,round173,round174,round175,round176,round177,round178,round179,round180,round181,round182,round183,round184,round185,round186,round187,round188,round189,round190,round191,round192,round193,round194,round195,round196,round197,round198,round199,round200,round201,round202,round203
0,100,469,9.809521913528442,98,1,1,1,1,1,2,1,3,1,17,1,15,1,1,1,9,1,5,1,1,1,7,1,1,1,21,1,10,1,9,1,5,1,2,1,24,2,2,1,1,1,24,1,4,1,1,1,15,1,4,1,1,1,20,1,14,1,20,1,2,1,1,1,17,1,5,3,2,1,24,1,11,1,5,1,2,1,1,1,21,1,14,1,7,1,1,1,1,1,24,1,11,1,7,1,19,1,1,0,0,0,0,0,0,0,0,0,0,0,0,0,0,0,0,0,0,0,0,0,0,0,0,0,0,0,0,0,0,0,0,0,0,0,0,0,0,0,0,0,0,0,0,0,0,0,0,0,0,0,0,0,0,0,0,0,0,0,0,0,0,0,0,0,0,0,0,0,0,0,0,0,0,0,0,0,0,0,0,0,0,0,0,0,0,0,0,0,0,0,0,0,0,0,0,0,0,0,0,0,0,0,0,0
1,59,242,5.921369791030884,49,1,1,2,1,1,1,1,10,1,17,1,6,1,1,1,21,2,24,1,9,1,1,1,6,1,17,1,18,2,1,1,8,1,11,2,2,1,19,1,1,1,8,1,18,1,8,1,1,1,0,0,0,0,0,0,0,0,0,0,0,0,0,0,0,0,0,0,0,0,0,0,0,0,0,0,0,0,0,0,0,0,0,0,0,0,0,0,0,0,0,0,0,0,0,0,0,0,0,0,0,0,0,0,0,0,0,0,0,0,0,0,0,0,0,0,0,0,0,0,0,0,0,0,0,0,0,0,0,0,0,0,0,0,0,0,0,0,0,0,0,0,0,0,0,0,0,0,0,0,0,0,0,0,0,0,0,0,0,0,0,0,0,0,0,0,0,0,0,0,0,0,0,0,0,0,0,0,0,0,0,0,0,0,0,0,0,0,0,0,0,0,0,0,0,0,0,0,0,0,0,0,0,0
2,60,564,20.209004878997803,107,1,1,1,1,1,1,1,22,1,21,1,2,1,3,1,1,1,21,1,18,1,6,2,1,1,22,1,10,1,1,1,8,1,15,1,18,1,1,3,2,1,24,1,9,1,1,1,10,1,14,1,15,1,10,1,7,1,1,1,26,1,6,1,10,1,27,1,1,1,1,1,9,1,13,1,8,1,1,1,19,1,6,1,15,1,11,1,1,1,7,1,11,1,1,1,23,1,7,1,9,1,2,2,2,1,23,1,0,0,0,0,0,0,0,0,0,0,0,0,0,0,0,0,0,0,0,0,0,0,0,0,0,0,0,0,0,0,0,0,0,0,0,0,0,0,0,0,0,0,0,0,0,0,0,0,0,0,0,0,0,0,0,0,0,0,0,0,0,0,0,0,0,0,0,0,0,0,0,0,0,0,0,0,0,0,0,0,0,0,0,0,0,0,0,0,0,0,0,0,0,0,0,0
3,61,382,16.745927095413208,80,1,1,1,1,1,1,1,7,1,16,1,12,1,1,1,12,1,13,1,7,2,2,1,21,2,7,1,1,1,22,1,3,1,1,1,9,1,14,1,19,1,1,1,1,1,6,1,1,1,1,1,19,1,1,1,21,1,1,1,1,1,26,1,13,1,12,2,1,1,23,1,6,1,12,1,1,1,20,1,1,0,0,0,0,0,0,0,0,0,0,0,0,0,0,0,0,0,0,0,0,0,0,0,0,0,0,0,0,0,0,0,0,0,0,0,0,0,0,0,0,0,0,0,0,0,0,0,0,0,0,0,0,0,0,0,0,0,0,0,0,0,0,0,0,0,0,0,0,0,0,0,0,0,0,0,0,0,0,0,0,0,0,0,0,0,0,0,0,0,0,0,0,0,0,0,0,0,0,0,0,0,0,0,0,0,0,0,0,0,0,0,0,0,0,0,0,0,0,0,0,0,0,0
4,62,491,15.857378005981445,86,1,1,1,1,1,1,1,20,1,6,1,18,1,6,1,1,1,14,1,6,2,1,1,23,1,14,1,3,1,5,1,1,1,6,1,1,1,23,1,3,1,16,1,23,1,4,2,1,1,24,1,15,1,24,1,2,2,2,1,21,2,17,1,1,1,19,2,1,1,21,1,23,1,3,1,14,1,1,1,25,1,14,1,14,2,2,0,0,0,0,0,0,0,0,0,0,0,0,0,0,0,0,0,0,0,0,0,0,0,0,0,0,0,0,0,0,0,0,0,0,0,0,0,0,0,0,0,0,0,0,0,0,0,0,0,0,0,0,0,0,0,0,0,0,0,0,0,0,0,0,0,0,0,0,0,0,0,0,0,0,0,0,0,0,0,0,0,0,0,0,0,0,0,0,0,0,0,0,0,0,0,0,0,0,0,0,0,0,0,0,0,0,0,0,0,0,0,0,0,0,0,0,0
5,63,391,16.097019910812378,72,1,2,1,1,1,1,1,22,1,9,1,11,1,1,1,22,1,14,1,4,1,7,1,1,1,24,1,1,1,14,1,16,1,1,1,11,1,13,1,16,1,13,1,2,1,1,1,17,1,1,1,24,1,16,1,19,1,1,1,5,1,18,1,5,2,2,1,14,1,9,1,15,0,0,0,0,0,0,0,0,0,0,0,0,0,0,0,0,0,0,0,0,0,0,0,0,0,0,0,0,0,0,0,0,0,0,0,0,0,0,0,0,0,0,0,0,0,0,0,0,0,0,0,0,0,0,0,0,0,0,0,0,0,0,0,0,0,0,0,0,0,0,0,0,0,0,0,0,0,0,0,0,0,0,0,0,0,0,0,0,0,0,0,0,0,0,0,0,0,0,0,0,0,0,0,0,0,0,0,0,0,0,0,0,0,0,0,0,0,0,0,0,0,0,0,0,0,0,0,0,0,0,0
6,64,688,20.983535051345825,130,1,1,2,1,1,1,1,9,1,16,1,19,1,3,1,8,1,1,1,25,1,5,1,1,1,10,1,12,1,12,1,1,1,10,1,12,1,17,1,6,1,1,1,8,1,14,1,17,1,4,1,7,2,2,1,22,1,10,1,1,1,6,1,15,1,3,1,1,1,22,2,17,1,18,1,1,1,5,1,17,1,9,1,1,1,14,1,7,1,18,1,14,1,3,1,1,1,21,1,6,1,1,1,11,1,14,1,22,1,3,1,9,1,1,1,24,1,8,1,13,1,10,1,1,1,22,1,18,1,7,0,0,0,0,0,0,0,0,0,0,0,0,0,0,0,0,0,0,0,0,0,0,0,0,0,0,0,0,0,0,0,0,0,0,0,0,0,0,0,0,0,0,0,0,0,0,0,0,0,0,0,0,0,0,0,0,0,0,0,0,0,0,0,0,0,0,0,0,0,0,0,0,0
7,65,356,15.12109899520874,77,1,1,1,2,1,1,1,14,1,8,1,20,1,13,1,1,1,1,1,24,1,1,1,1,1,10,1,1,1,8,1,14,1,2,1,1,1,23,1,19,1,16,1,1,1,2,1,1,1,5,1,18,1,13,1,1,1,9,1,12,1,14,1,1,1,10,1,12,1,22,1,2,1,1,1,1,1,0,0,0,0,0,0,0,0,0,0,0,0,0,0,0,0,0,0,0,0,0,0,0,0,0,0,0,0,0,0,0,0,0,0,0,0,0,0,0,0,0,0,0,0,0,0,0,0,0,0,0,0,0,0,0,0,0,0,0,0,0,0,0,0,0,0,0,0,0,0,0,0,0,0,0,0,0,0,0,0,0,0,0,0,0,0,0,0,0,0,0,0,0,0,0,0,0,0,0,0,0,0,0,0,0,0,0,0,0,0,0,0,0,0,0,0,0,0,0,0,0,0,0,0,0,0
8,66,551,24.357868194580078,99,1,1,1,1,1,1,1,15,1,1,1,18,1,7,1,16,1,15,1,7,2,1,1,21,1,13,1,1,1,1,1,21,1,21,2,3,1,1,1,22,1,15,1,3,1,13,1,1,1,23,1,23,1,17,1,1,1,10,1,13,1,1,1,1,1,25,1,15,1,8,1,1,1,15,1,6,1,20,1,12,1,2,1,1,1,23,1,17,1,2,1,17,1,1,1,22,1,2,1,0,0,0,0,0,0,0,0,0,0,0,0,0,0,0,0,0,0,0,0,0,0,0,0,0,0,0,0,0,0,0,0,0,0,0,0,0,0,0,0,0,0,0,0,0,0,0,0,0,0,0,0,0,0,0,0,0,0,0,0,0,0,0,0,0,0,0,0,0,0,0,0,0,0,0,0,0,0,0,0,0,0,0,0,0,0,0,0,0,0,0,0,0,0,0,0,0,0,0,0,0,0,0,0
9,67,375,15.108152866363525,67,1,1,1,1,1,1,1,18,1,3,2,1,1,24,1,16,1,1,1,16,1,1,1,20,2,22,1,12,1,1,1,2,1,1,1,8,2,1,1,20,1,22,1,15,2,2,1,24,1,3,1,14,1,20,2,1,1,9,1,14,1,18,1,9,1,13,1,0,0,0,0,0,0,0,0,0,0,0,0,0,0,0,0,0,0,0,0,0,0,0,0,0,0,0,0,0,0,0,0,0,0,0,0,0,0,0,0,0,0,0,0,0,0,0,0,0,0,0,0,0,0,0,0,0,0,0,0,0,0,0,0,0,0,0,0,0,0,0,0,0,0,0,0,0,0,0,0,0,0,0,0,0,0,0,0,0,0,0,0,0,0,0,0,0,0,0,0,0,0,0,0,0,0,0,0,0,0,0,0,0,0,0,0,0,0,0,0,0,0,0,0,0,0,0,0,0,0,0,0,0,0,0,0
10,68,352,17.157042026519775,71,1,1,2,10,1,5,2,2,2,6,1,1,1,1,1,1,1,2,2,1,1,1,1,2,2,2,1,23,1,22,1,25,1,2,1,1,1,21,1,3,1,22,1,19,1,4,2,1,1,25,1,13,1,1,1,7,1,19,1,22,1,4,1,14,1,1,1,12,1,1,1,0,0,0,0,0,0,0,0,0,0,0,0,0,0,0,0,0,0,0,0,0,0,0,0,0,0,0,0,0,0,0,0,0,0,0,0,0,0,0,0,0,0,0,0,0,0,0,0,0,0,0,0,0,0,0,0,0,0,0,0,0,0,0,0,0,0,0,0,0,0,0,0,0,0,0,0,0,0,0,0,0,0,0,0,0,0,0,0,0,0,0,0,0,0,0,0,0,0,0,0,0,0,0,0,0,0,0,0,0,0,0,0,0,0,0,0,0,0,0,0,0,0,0,0,0,0,0,0,0,0,0,0
11,69,511,14.171943187713623,139,1,1,1,1,1,1,1,1,1,1,2,6,2,1,1,1,1,1,1,1,2,1,1,3,1,6,1,1,1,1,1,1,1,1,1,1,1,2,1,1,1,1,1,3,1,5,1,1,1,1,1,2,1,22,1,18,1,3,1,1,2,1,1,1,1,1,1,14,1,1,1,23,1,3,2,2,1,11,1,1,1,22,1,6,1,12,1,23,1,1,1,1,1,7,1,15,1,18,1,2,1,1,1,6,1,15,1,19,2,1,1,3,1,19,2,1,1,25,1,12,1,1,1,7,1,1,1,10,1,1,1,9,1,12,1,20,1,7,1,0,0,0,0,0,0,0,0,0,0,0,0,0,0,0,0,0,0,0,0,0,0,0,0,0,0,0,0,0,0,0,0,0,0,0,0,0,0,0,0,0,0,0,0,0,0,0,0,0,0,0,0,0,0,0,0,0,0,0,0,0,0,0,0
12,70,411,10.86083698272705,84,1,1,2,1,1,1,1,21,3,2,1,10,1,12,1,20,1,6,2,1,1,22,1,15,1,1,1,6,1,14,1,2,1,21,1,1,1,1,1,6,1,15,1,21,1,3,1,7,1,1,1,25,1,5,1,1,1,6,1,1,1,1,1,13,1,1,1,24,1,7,1,10,1,16,1,1,1,15,1,6,1,20,1,1,0,0,0,0,0,0,0,0,0,0,0,0,0,0,0,0,0,0,0,0,0,0,0,0,0,0,0,0,0,0,0,0,0,0,0,0,0,0,0,0,0,0,0,0,0,0,0,0,0,0,0,0,0,0,0,0,0,0,0,0,0,0,0,0,0,0,0,0,0,0,0,0,0,0,0,0,0,0,0,0,0,0,0,0,0,0,0,0,0,0,0,0,0,0,0,0,0,0,0,0,0,0,0,0,0,0,0,0,0,0,0,0,0,0,0,0,0,0,0
13,71,371,8.02013897895813,79,1,1,1,1,1,1,1,22,1,5,1,1,1,3,1,19,1,18,1,4,1,5,1,1,1,21,1,16,1,7,1,14,1,1,1,18,1,3,1,20,1,9,2,2,1,6,1,15,1,10,1,1,1,18,1,6,1,18,1,1,1,1,1,9,1,1,1,6,1,15,1,21,1,4,1,2,1,1,1,0,0,0,0,0,0,0,0,0,0,0,0,0,0,0,0,0,0,0,0,0,0,0,0,0,0,0,0,0,0,0,0,0,0,0,0,0,0,0,0,0,0,0,0,0,0,0,0,0,0,0,0,0,0,0,0,0,0,0,0,0,0,0,0,0,0,0,0,0,0,0,0,0,0,0,0,0,0,0,0,0,0,0,0,0,0,0,0,0,0,0,0,0,0,0,0,0,0,0,0,0,0,0,0,0,0,0,0,0,0,0,0,0,0,0,0,0,0,0,0,0,0,0,0
14,72,104,4.92102313041687,34,1,1,2,1,2,2,1,6,2,2,1,3,1,1,1,8,1,1,1,16,1,5,1,6,1,1,1,21,1,6,1,2,1,1,0,0,0,0,0,0,0,0,0,0,0,0,0,0,0,0,0,0,0,0,0,0,0,0,0,0,0,0,0,0,0,0,0,0,0,0,0,0,0,0,0,0,0,0,0,0,0,0,0,0,0,0,0,0,0,0,0,0,0,0,0,0,0,0,0,0,0,0,0,0,0,0,0,0,0,0,0,0,0,0,0,0,0,0,0,0,0,0,0,0,0,0,0,0,0,0,0,0,0,0,0,0,0,0,0,0,0,0,0,0,0,0,0,0,0,0,0,0,0,0,0,0,0,0,0,0,0,0,0,0,0,0,0,0,0,0,0,0,0,0,0,0,0,0,0,0,0,0,0,0,0,0,0,0,0,0,0,0,0,0,0,0,0,0,0,0,0,0,0
15,73,497,12.835927963256836,106,1,1,1,1,1,1,1,18,1,1,1,19,1,4,1,20,1,7,1,1,1,9,1,12,1,3,1,1,1,11,1,1,1,22,1,1,1,11,1,1,1,24,1,2,1,1,1,1,1,6,1,1,1,29,1,4,1,6,1,15,1,1,1,20,1,2,1,24,1,12,1,1,1,6,1,15,1,9,1,1,1,17,1,4,1,4,1,1,1,21,1,10,1,15,1,14,1,1,1,12,1,11,1,7,1,1,0,0,0,0,0,0,0,0,0,0,0,0,0,0,0,0,0,0,0,0,0,0,0,0,0,0,0,0,0,0,0,0,0,0,0,0,0,0,0,0,0,0,0,0,0,0,0,0,0,0,0,0,0,0,0,0,0,0,0,0,0,0,0,0,0,0,0,0,0,0,0,0,0,0,0,0,0,0,0,0,0,0,0,0,0,0,0,0,0,0,0,0,0,0,0,0,0
16,74,394,13.95150089263916,84,1,1,1,1,1,1,1,22,1,7,1,15,1,4,1,1,1,10,1,1,1,10,1,12,1,2,1,1,1,20,1,1,1,9,1,14,3,2,1,22,1,9,1,13,1,15,1,1,1,7,1,1,1,3,1,23,1,17,1,3,2,2,1,19,1,1,1,25,1,2,1,1,1,22,1,8,1,1,1,9,1,9,1,1,0,0,0,0,0,0,0,0,0,0,0,0,0,0,0,0,0,0,0,0,0,0,0,0,0,0,0,0,0,0,0,0,0,0,0,0,0,0,0,0,0,0,0,0,0,0,0,0,0,0,0,0,0,0,0,0,0,0,0,0,0,0,0,0,0,0,0,0,0,0,0,0,0,0,0,0,0,0,0,0,0,0,0,0,0,0,0,0,0,0,0,0,0,0,0,0,0,0,0,0,0,0,0,0,0,0,0,0,0,0,0,0,0,0,0,0,0,0,0
17,75,453,12.574344873428345,86,1,1,1,1,1,1,1,19,1,3,1,20,1,17,1,4,2,1,1,23,1,6,1,1,1,9,1,12,1,26,1,2,1,10,1,1,1,1,1,20,1,8,1,14,1,13,1,1,1,18,1,4,1,19,1,14,2,1,1,23,1,19,1,6,1,1,1,21,3,3,1,5,1,1,1,16,1,6,1,16,1,1,1,14,2,2,0,0,0,0,0,0,0,0,0,0,0,0,0,0,0,0,0,0,0,0,0,0,0,0,0,0,0,0,0,0,0,0,0,0,0,0,0,0,0,0,0,0,0,0,0,0,0,0,0,0,0,0,0,0,0,0,0,0,0,0,0,0,0,0,0,0,0,0,0,0,0,0,0,0,0,0,0,0,0,0,0,0,0,0,0,0,0,0,0,0,0,0,0,0,0,0,0,0,0,0,0,0,0,0,0,0,0,0,0,0,0,0,0,0,0,0,0
18,76,129,4.766829013824463,22,1,1,1,1,1,1,1,24,1,22,2,1,1,21,1,7,1,1,1,27,1,9,0,0,0,0,0,0,0,0,0,0,0,0,0,0,0,0,0,0,0,0,0,0,0,0,0,0,0,0,0,0,0,0,0,0,0,0,0,0,0,0,0,0,0,0,0,0,0,0,0,0,0,0,0,0,0,0,0,0,0,0,0,0,0,0,0,0,0,0,0,0,0,0,0,0,0,0,0,0,0,0,0,0,0,0,0,0,0,0,0,0,0,0,0,0,0,0,0,0,0,0,0,0,0,0,0,0,0,0,0,0,0,0,0,0,0,0,0,0,0,0,0,0,0,0,0,0,0,0,0,0,0,0,0,0,0,0,0,0,0,0,0,0,0,0,0,0,0,0,0,0,0,0,0,0,0,0,0,0,0,0,0,0,0,0,0,0,0,0,0,0,0,0,0,0,0,0,0,0,0,0,0
19,77,602,14.201133966445923,121,2,1,2,2,1,1,1,6,1,15,1,25,1,1,1,5,1,1,1,20,1,21,1,3,1,2,1,1,1,22,1,9,1,11,1,12,1,1,1,18,1,3,1,4,1,1,1,24,1,13,1,4,1,13,1,1,1,11,1,1,1,11,1,13,1,25,1,4,1,3,1,1,1,13,1,1,1,5,1,1,1,17,1,1,1,6,1,15,1,17,1,1,1,11,1,11,1,17,1,7,1,1,1,3,1,18,1,21,1,1,1,2,1,1,1,22,1,18,1,1,1,0,0,0,0,0,0,0,0,0,0,0,0,0,0,0,0,0,0,0,0,0,0,0,0,0,0,0,0,0,0,0,0,0,0,0,0,0,0,0,0,0,0,0,0,0,0,0,0,0,0,0,0,0,0,0,0,0,0,0,0,0,0,0,0,0,0,0,0,0,0,0,0,0,0,0,0,0,0,0,0,0,0
20,78,340,7.942961931228638,70,1,1,1,1,1,1,1,6,1,1,1,15,1,6,1,20,1,9,1,1,1,6,1,16,1,17,1,1,1,9,1,11,1,26,1,4,1,11,1,3,1,1,1,22,1,5,1,5,2,2,1,19,1,1,1,16,1,4,1,19,1,16,1,1,1,1,1,22,3,2,0,0,0,0,0,0,0,0,0,0,0,0,0,0,0,0,0,0,0,0,0,0,0,0,0,0,0,0,0,0,0,0,0,0,0,0,0,0,0,0,0,0,0,0,0,0,0,0,0,0,0,0,0,0,0,0,0,0,0,0,0,0,0,0,0,0,0,0,0,0,0,0,0,0,0,0,0,0,0,0,0,0,0,0,0,0,0,0,0,0,0,0,0,0,0,0,0,0,0,0,0,0,0,0,0,0,0,0,0,0,0,0,0,0,0,0,0,0,0,0,0,0,0,0,0,0,0,0,0,0,0,0,0
21,79,319,10.013043880462646,67,1,1,1,1,1,1,1,3,1,16,1,1,1,25,1,16,1,1,1,25,1,3,1,13,1,9,1,1,1,7,1,1,1,11,1,11,1,12,2,2,1,19,1,3,1,6,1,1,1,22,1,5,1,1,1,6,1,17,1,9,1,1,1,16,1,7,1,0,0,0,0,0,0,0,0,0,0,0,0,0,0,0,0,0,0,0,0,0,0,0,0,0,0,0,0,0,0,0,0,0,0,0,0,0,0,0,0,0,0,0,0,0,0,0,0,0,0,0,0,0,0,0,0,0,0,0,0,0,0,0,0,0,0,0,0,0,0,0,0,0,0,0,0,0,0,0,0,0,0,0,0,0,0,0,0,0,0,0,0,0,0,0,0,0,0,0,0,0,0,0,0,0,0,0,0,0,0,0,0,0,0,0,0,0,0,0,0,0,0,0,0,0,0,0,0,0,0,0,0,0,0,0,0
22,80,426,29.971904039382935,78,1,1,1,1,1,1,1,8,1,12,1,21,1,3,1,15,2,1,1,20,1,3,1,17,1,16,1,1,1,13,1,10,1,16,1,1,1,13,1,9,1,1,1,24,1,11,1,6,1,13,1,1,1,24,1,22,1,20,1,2,1,1,1,22,1,22,1,11,1,1,1,17,1,1,1,3,1,1,0,0,0,0,0,0,0,0,0,0,0,0,0,0,0,0,0,0,0,0,0,0,0,0,0,0,0,0,0,0,0,0,0,0,0,0,0,0,0,0,0,0,0,0,0,0,0,0,0,0,0,0,0,0,0,0,0,0,0,0,0,0,0,0,0,0,0,0,0,0,0,0,0,0,0,0,0,0,0,0,0,0,0,0,0,0,0,0,0,0,0,0,0,0,0,0,0,0,0,0,0,0,0,0,0,0,0,0,0,0,0,0,0,0,0,0,0,0,0,0,0,0,0,0,0
23,81,388,15.015007019042969,74,1,1,1,2,1,1,1,5,1,16,2,1,1,24,3,2,1,21,1,21,1,3,1,21,1,5,1,1,1,14,1,1,1,6,1,12,1,1,1,21,1,7,1,12,1,21,1,1,1,10,1,12,1,20,1,9,1,11,1,3,1,1,1,20,1,6,1,15,1,14,1,1,1,5,0,0,0,0,0,0,0,0,0,0,0,0,0,0,0,0,0,0,0,0,0,0,0,0,0,0,0,0,0,0,0,0,0,0,0,0,0,0,0,0,0,0,0,0,0,0,0,0,0,0,0,0,0,0,0,0,0,0,0,0,0,0,0,0,0,0,0,0,0,0,0,0,0,0,0,0,0,0,0,0,0,0,0,0,0,0,0,0,0,0,0,0,0,0,0,0,0,0,0,0,0,0,0,0,0,0,0,0,0,0,0,0,0,0,0,0,0,0,0,0,0,0,0,0,0,0,0,0,0
24,82,786,14.132023811340332,146,1,1,2,1,1,1,1,3,1,18,1,21,1,9,1,1,1,27,1,9,1,4,1,21,1,4,1,1,1,6,1,17,1,12,1,1,1,12,1,6,1,1,1,6,1,1,1,21,1,9,1,11,2,1,1,24,1,4,1,1,1,1,1,22,1,19,1,2,1,18,2,1,1,21,2,20,1,7,1,1,1,16,1,8,1,9,1,1,1,22,1,20,1,1,1,1,1,20,2,19,1,18,1,1,2,1,1,26,1,9,1,1,1,3,1,18,1,18,1,6,1,5,1,1,1,20,1,14,1,3,1,22,1,1,1,17,1,4,1,21,1,7,1,1,1,6,0,0,0,0,0,0,0,0,0,0,0,0,0,0,0,0,0,0,0,0,0,0,0,0,0,0,0,0,0,0,0,0,0,0,0,0,0,0,0,0,0,0,0,0,0,0,0,0,0,0,0,0,0,0,0,0,0
25,83,436,9.986495018005371,94,1,1,1,2,1,1,1,21,1,16,1,2,1,1,1,6,1,1,1,21,1,4,1,1,1,16,1,6,1,19,1,11,1,10,2,1,1,23,1,7,1,11,1,9,1,1,1,23,1,17,1,6,1,1,1,15,1,9,1,21,1,3,1,1,1,11,1,12,1,20,1,1,1,8,1,1,1,9,1,1,1,5,1,1,1,21,1,5,1,1,1,3,1,1,0,0,0,0,0,0,0,0,0,0,0,0,0,0,0,0,0,0,0,0,0,0,0,0,0,0,0,0,0,0,0,0,0,0,0,0,0,0,0,0,0,0,0,0,0,0,0,0,0,0,0,0,0,0,0,0,0,0,0,0,0,0,0,0,0,0,0,0,0,0,0,0,0,0,0,0,0,0,0,0,0,0,0,0,0,0,0,0,0,0,0,0,0,0,0,0,0,0,0,0,0,0,0,0,0,0,0,0,0
26,84,630,11.958176136016846,122,1,1,1,1,1,1,1,16,1,6,1,19,1,1,1,1,1,16,1,3,1,1,1,22,1,13,1,1,1,1,1,21,1,5,1,1,1,17,1,7,1,6,1,1,1,22,1,3,1,17,1,20,1,1,1,1,1,25,1,15,1,2,1,18,1,1,1,1,1,22,1,15,1,1,1,21,2,2,1,3,1,20,1,17,1,5,1,13,1,1,1,22,1,5,1,14,1,4,1,1,1,23,1,19,1,21,2,1,1,2,1,1,1,22,1,19,1,1,2,1,1,2,0,0,0,0,0,0,0,0,0,0,0,0,0,0,0,0,0,0,0,0,0,0,0,0,0,0,0,0,0,0,0,0,0,0,0,0,0,0,0,0,0,0,0,0,0,0,0,0,0,0,0,0,0,0,0,0,0,0,0,0,0,0,0,0,0,0,0,0,0,0,0,0,0,0,0,0,0,0,0,0,0
27,85,116,2.860347032546997,23,1,1,2,1,1,1,1,24,1,17,1,8,1,1,1,17,1,1,1,1,1,24,1,0,0,0,0,0,0,0,0,0,0,0,0,0,0,0,0,0,0,0,0,0,0,0,0,0,0,0,0,0,0,0,0,0,0,0,0,0,0,0,0,0,0,0,0,0,0,0,0,0,0,0,0,0,0,0,0,0,0,0,0,0,0,0,0,0,0,0,0,0,0,0,0,0,0,0,0,0,0,0,0,0,0,0,0,0,0,0,0,0,0,0,0,0,0,0,0,0,0,0,0,0,0,0,0,0,0,0,0,0,0,0,0,0,0,0,0,0,0,0,0,0,0,0,0,0,0,0,0,0,0,0,0,0,0,0,0,0,0,0,0,0,0,0,0,0,0,0,0,0,0,0,0,0,0,0,0,0,0,0,0,0,0,0,0,0,0,0,0,0,0,0,0,0,0,0,0,0,0,0,0
28,86,415,9.033498048782349,81,1,1,2,1,1,1,1,12,1,1,1,16,1,7,1,6,1,1,1,21,1,6,1,15,1,1,1,1,1,25,1,9,1,9,1,1,1,1,1,27,1,19,1,12,1,1,1,12,1,12,1,18,1,1,1,1,1,3,1,19,1,21,2,1,1,12,1,1,1,21,1,11,1,13,1,4,1,1,1,24,1,0,0,0,0,0,0,0,0,0,0,0,0,0,0,0,0,0,0,0,0,0,0,0,0,0,0,0,0,0,0,0,0,0,0,0,0,0,0,0,0,0,0,0,0,0,0,0,0,0,0,0,0,0,0,0,0,0,0,0,0,0,0,0,0,0,0,0,0,0,0,0,0,0,0,0,0,0,0,0,0,0,0,0,0,0,0,0,0,0,0,0,0,0,0,0,0,0,0,0,0,0,0,0,0,0,0,0,0,0,0,0,0,0,0,0,0,0,0,0,0,0,0
29,87,322,7.4431140422821045,66,1,1,1,1,1,1,1,21,2,21,1,5,1,1,1,17,1,4,1,1,1,20,1,12,1,13,1,9,1,1,1,19,1,2,1,5,1,1,1,21,1,10,1,1,1,1,1,26,1,13,1,3,1,11,1,1,1,21,1,13,1,7,1,3,1,1,0,0,0,0,0,0,0,0,0,0,0,0,0,0,0,0,0,0,0,0,0,0,0,0,0,0,0,0,0,0,0,0,0,0,0,0,0,0,0,0,0,0,0,0,0,0,0,0,0,0,0,0,0,0,0,0,0,0,0,0,0,0,0,0,0,0,0,0,0,0,0,0,0,0,0,0,0,0,0,0,0,0,0,0,0,0,0,0,0,0,0,0,0,0,0,0,0,0,0,0,0,0,0,0,0,0,0,0,0,0,0,0,0,0,0,0,0,0,0,0,0,0,0,0,0,0,0,0,0,0,0,0,0,0,0,0,0
30,88,497,11.871384859085083,104,1,1,1,2,1,1,1,5,1,1,1,21,1,3,1,17,1,4,1,1,1,18,1,3,2,1,1,24,1,15,1,1,1,10,1,1,1,18,1,1,1,12,2,1,1,21,1,18,1,2,1,20,2,1,1,15,1,1,1,3,1,19,1,11,1,1,1,15,1,6,1,1,1,9,1,1,1,23,1,2,1,1,1,3,1,19,1,18,1,1,1,9,1,1,1,21,1,10,1,12,1,15,1,1,0,0,0,0,0,0,0,0,0,0,0,0,0,0,0,0,0,0,0,0,0,0,0,0,0,0,0,0,0,0,0,0,0,0,0,0,0,0,0,0,0,0,0,0,0,0,0,0,0,0,0,0,0,0,0,0,0,0,0,0,0,0,0,0,0,0,0,0,0,0,0,0,0,0,0,0,0,0,0,0,0,0,0,0,0,0,0,0,0,0,0,0,0,0,0,0,0,0,0
31,89,187,5.829838991165161,40,1,1,1,1,1,1,1,28,1,6,1,4,1,1,1,20,1,1,1,10,2,2,1,10,1,5,2,2,1,23,1,14,1,6,1,23,1,3,2,2,0,0,0,0,0,0,0,0,0,0,0,0,0,0,0,0,0,0,0,0,0,0,0,0,0,0,0,0,0,0,0,0,0,0,0,0,0,0,0,0,0,0,0,0,0,0,0,0,0,0,0,0,0,0,0,0,0,0,0,0,0,0,0,0,0,0,0,0,0,0,0,0,0,0,0,0,0,0,0,0,0,0,0,0,0,0,0,0,0,0,0,0,0,0,0,0,0,0,0,0,0,0,0,0,0,0,0,0,0,0,0,0,0,0,0,0,0,0,0,0,0,0,0,0,0,0,0,0,0,0,0,0,0,0,0,0,0,0,0,0,0,0,0,0,0,0,0,0,0,0,0,0,0,0,0,0,0,0,0,0,0,0,0
32,90,158,4.75601601600647,38,1,1,1,1,2,2,1,24,1,6,1,13,1,22,1,1,1,1,1,6,1,15,1,24,1,3,1,2,1,1,1,5,1,1,1,8,1,1,0,0,0,0,0,0,0,0,0,0,0,0,0,0,0,0,0,0,0,0,0,0,0,0,0,0,0,0,0,0,0,0,0,0,0,0,0,0,0,0,0,0,0,0,0,0,0,0,0,0,0,0,0,0,0,0,0,0,0,0,0,0,0,0,0,0,0,0,0,0,0,0,0,0,0,0,0,0,0,0,0,0,0,0,0,0,0,0,0,0,0,0,0,0,0,0,0,0,0,0,0,0,0,0,0,0,0,0,0,0,0,0,0,0,0,0,0,0,0,0,0,0,0,0,0,0,0,0,0,0,0,0,0,0,0,0,0,0,0,0,0,0,0,0,0,0,0,0,0,0,0,0,0,0,0,0,0,0,0,0,0,0,0,0,0
33,91,191,5.904829978942871,46,1,1,2,1,1,1,1,13,1,9,1,8,1,1,1,21,1,23,1,11,2,2,1,6,1,1,1,3,1,4,1,1,1,6,1,1,1,18,1,1,1,15,1,6,1,12,0,0,0,0,0,0,0,0,0,0,0,0,0,0,0,0,0,0,0,0,0,0,0,0,0,0,0,0,0,0,0,0,0,0,0,0,0,0,0,0,0,0,0,0,0,0,0,0,0,0,0,0,0,0,0,0,0,0,0,0,0,0,0,0,0,0,0,0,0,0,0,0,0,0,0,0,0,0,0,0,0,0,0,0,0,0,0,0,0,0,0,0,0,0,0,0,0,0,0,0,0,0,0,0,0,0,0,0,0,0,0,0,0,0,0,0,0,0,0,0,0,0,0,0,0,0,0,0,0,0,0,0,0,0,0,0,0,0,0,0,0,0,0,0,0,0,0,0,0,0,0,0,0,0,0,0,0
34,92,353,7.994375944137573,74,1,1,1,1,1,1,1,13,2,1,1,21,1,20,1,18,1,1,2,2,1,19,1,2,1,22,1,15,1,2,1,1,1,1,1,23,1,5,1,1,1,9,1,4,1,1,1,27,1,5,1,1,1,2,1,1,1,3,1,20,1,15,1,1,1,6,1,15,1,18,1,6,1,9,0,0,0,0,0,0,0,0,0,0,0,0,0,0,0,0,0,0,0,0,0,0,0,0,0,0,0,0,0,0,0,0,0,0,0,0,0,0,0,0,0,0,0,0,0,0,0,0,0,0,0,0,0,0,0,0,0,0,0,0,0,0,0,0,0,0,0,0,0,0,0,0,0,0,0,0,0,0,0,0,0,0,0,0,0,0,0,0,0,0,0,0,0,0,0,0,0,0,0,0,0,0,0,0,0,0,0,0,0,0,0,0,0,0,0,0,0,0,0,0,0,0,0,0,0,0,0,0,0
35,93,171,4.877454996109009,38,1,1,1,1,1,1,1,3,1,22,1,21,1,4,1,1,1,22,1,15,2,1,1,20,1,4,1,1,1,12,1,1,1,6,1,13,1,1,0,0,0,0,0,0,0,0,0,0,0,0,0,0,0,0,0,0,0,0,0,0,0,0,0,0,0,0,0,0,0,0,0,0,0,0,0,0,0,0,0,0,0,0,0,0,0,0,0,0,0,0,0,0,0,0,0,0,0,0,0,0,0,0,0,0,0,0,0,0,0,0,0,0,0,0,0,0,0,0,0,0,0,0,0,0,0,0,0,0,0,0,0,0,0,0,0,0,0,0,0,0,0,0,0,0,0,0,0,0,0,0,0,0,0,0,0,0,0,0,0,0,0,0,0,0,0,0,0,0,0,0,0,0,0,0,0,0,0,0,0,0,0,0,0,0,0,0,0,0,0,0,0,0,0,0,0,0,0,0,0,0,0,0,0
36,94,273,5.718859910964966,54,1,1,1,1,2,2,1,16,1,6,1,21,1,12,1,4,1,1,1,1,1,24,1,16,1,1,1,22,2,1,1,16,1,6,1,11,1,1,1,26,1,12,1,1,1,15,1,1,1,10,1,13,1,2,0,0,0,0,0,0,0,0,0,0,0,0,0,0,0,0,0,0,0,0,0,0,0,0,0,0,0,0,0,0,0,0,0,0,0,0,0,0,0,0,0,0,0,0,0,0,0,0,0,0,0,0,0,0,0,0,0,0,0,0,0,0,0,0,0,0,0,0,0,0,0,0,0,0,0,0,0,0,0,0,0,0,0,0,0,0,0,0,0,0,0,0,0,0,0,0,0,0,0,0,0,0,0,0,0,0,0,0,0,0,0,0,0,0,0,0,0,0,0,0,0,0,0,0,0,0,0,0,0,0,0,0,0,0,0,0,0,0,0,0,0,0,0,0,0,0,0,0,0
37,95,274,5.899930000305176,56,1,1,1,1,1,1,1,21,1,9,1,1,1,3,1,15,1,1,1,23,1,11,1,6,1,13,1,1,1,15,1,5,1,1,1,21,1,16,1,3,1,1,1,22,1,14,1,5,1,18,1,1,1,15,1,1,0,0,0,0,0,0,0,0,0,0,0,0,0,0,0,0,0,0,0,0,0,0,0,0,0,0,0,0,0,0,0,0,0,0,0,0,0,0,0,0,0,0,0,0,0,0,0,0,0,0,0,0,0,0,0,0,0,0,0,0,0,0,0,0,0,0,0,0,0,0,0,0,0,0,0,0,0,0,0,0,0,0,0,0,0,0,0,0,0,0,0,0,0,0,0,0,0,0,0,0,0,0,0,0,0,0,0,0,0,0,0,0,0,0,0,0,0,0,0,0,0,0,0,0,0,0,0,0,0,0,0,0,0,0,0,0,0,0,0,0,0,0,0,0,0,0,0
38,96,417,9.778008937835693,84,1,1,1,1,2,2,1,21,1,13,1,9,1,5,1,1,1,18,1,1,1,2,1,1,1,7,1,15,1,19,1,5,1,19,1,1,1,1,1,21,1,19,1,13,1,1,1,11,1,13,1,6,2,2,1,25,1,11,1,1,1,25,2,1,1,5,1,1,1,21,1,16,1,3,1,8,1,1,1,21,1,3,1,1,0,0,0,0,0,0,0,0,0,0,0,0,0,0,0,0,0,0,0,0,0,0,0,0,0,0,0,0,0,0,0,0,0,0,0,0,0,0,0,0,0,0,0,0,0,0,0,0,0,0,0,0,0,0,0,0,0,0,0,0,0,0,0,0,0,0,0,0,0,0,0,0,0,0,0,0,0,0,0,0,0,0,0,0,0,0,0,0,0,0,0,0,0,0,0,0,0,0,0,0,0,0,0,0,0,0,0,0,0,0,0,0,0,0,0,0,0,0,0
39,97,488,10.820661067962646,98,1,1,1,2,2,2,1,13,1,1,1,22,1,16,1,17,1,1,1,3,1,18,1,10,1,1,1,13,1,9,1,18,1,15,1,6,2,1,1,22,1,9,2,1,1,21,1,8,1,1,1,16,1,5,1,3,1,1,1,9,1,1,1,20,2,10,1,1,1,23,1,9,1,8,1,17,1,6,1,1,1,6,1,21,1,11,1,1,1,9,1,1,1,8,1,14,2,1,0,0,0,0,0,0,0,0,0,0,0,0,0,0,0,0,0,0,0,0,0,0,0,0,0,0,0,0,0,0,0,0,0,0,0,0,0,0,0,0,0,0,0,0,0,0,0,0,0,0,0,0,0,0,0,0,0,0,0,0,0,0,0,0,0,0,0,0,0,0,0,0,0,0,0,0,0,0,0,0,0,0,0,0,0,0,0,0,0,0,0,0,0,0,0,0,0,0,0,0,0,0,0,0,0
40,98,112,3.562152147293091,26,1,1,1,3,1,1,1,11,1,1,1,14,2,1,1,21,1,17,2,2,1,6,1,15,1,3,0,0,0,0,0,0,0,0,0,0,0,0,0,0,0,0,0,0,0,0,0,0,0,0,0,0,0,0,0,0,0,0,0,0,0,0,0,0,0,0,0,0,0,0,0,0,0,0,0,0,0,0,0,0,0,0,0,0,0,0,0,0,0,0,0,0,0,0,0,0,0,0,0,0,0,0,0,0,0,0,0,0,0,0,0,0,0,0,0,0,0,0,0,0,0,0,0,0,0,0,0,0,0,0,0,0,0,0,0,0,0,0,0,0,0,0,0,0,0,0,0,0,0,0,0,0,0,0,0,0,0,0,0,0,0,0,0,0,0,0,0,0,0,0,0,0,0,0,0,0,0,0,0,0,0,0,0,0,0,0,0,0,0,0,0,0,0,0,0,0,0,0,0,0,0,0,0
41,99,491,11.04209303855896,100,1,1,2,1,1,1,1,18,1,4,1,2,1,1,1,20,1,10,1,1,1,8,1,11,1,1,1,9,1,1,1,22,1,12,1,1,1,13,2,2,1,12,1,9,1,18,1,1,1,17,1,7,1,16,1,12,1,8,1,3,1,1,1,21,1,14,1,5,1,5,1,1,1,21,1,9,1,14,1,14,1,1,1,9,1,5,1,1,1,23,1,10,1,1,1,6,1,15,1,20,0,0,0,0,0,0,0,0,0,0,0,0,0,0,0,0,0,0,0,0,0,0,0,0,0,0,0,0,0,0,0,0,0,0,0,0,0,0,0,0,0,0,0,0,0,0,0,0,0,0,0,0,0,0,0,0,0,0,0,0,0,0,0,0,0,0,0,0,0,0,0,0,0,0,0,0,0,0,0,0,0,0,0,0,0,0,0,0,0,0,0,0,0,0,0,0,0,0,0,0,0,0,0
