,label,size,time,nb_rounds,round1,round2,round3,round4,round5,round6,round7,round8,round9,round10,round11,round12,round13,round14,round15,round16,round17,round18,round19,round20,round21,round22,round23,round24,round25,round26,round27,round28,round29,round30,round31,round32,round33,round34,round35,round36,round37,round38,round39,round40,round41,round42,round43,round44,round45,round46,round47,round48,round49,round50,round51,round52,round53,round54,round55,round56,round57,round58,round59,round60,round61,round62,round63,round64,round65,round66,round67,round68,round69,round70,round71,round72,round73,round74,round75,round76,round77,round78,round79,round80,round81,round82,round83,round84,round85,round86,round87,round88,round89,round90,round91,round92,round93,round94,round95,round96,round97,round98,round99,round100,round101,round102,round103,round104,round105,round106,round107,round108,round109,round110,round111,round112,round113,round114,round115,round116,round117,round118,round119,round120,round121,round122,round123,round124,round125,round126,round127,round128,round129,round130,round131,round132,round133,round134,round135,round136,round137,round138,round139,round140,round141,round142,round143,round144,round145,round146,round147,round148,round149,round150,round151,round152,round153,round154,round155,round156,round157,round158,round159,round160,round161,round162,round163,round164,round165,round166,round167,round168,round169,round170,round171,round172,round173,round174,round175,round176,round177,round178,round179,round180,round181,round182,round183,round184,round185,round186,round187,round188,round189,round190,round191,round192,round193,round194,round195,round196,round197,round198,round199,round200,round201,round202,round203
0,1,589,19.273437023162842,203,1,1,1,1,2,3,1,1,1,1,1,1,1,2,2,1,1,1,1,1,1,1,1,13,1,1,1,1,2,1,1,1,1,1,1,1,2,10,2,1,1,1,1,2,3,1,1,1,1,3,1,1,2,1,1,1,1,25,1,20,1,6,2,1,1,1,1,2,2,4,1,1,1,20,1,6,1,2,1,1,2,1,1,1,1,7,1,19,1,18,1,3,1,11,2,1,1,1,1,2,1,10,1,1,1,3,1,1,1,2,1,1,1,9,1,10,1,3,1,9,1,1,1,1,1,1,2,1,1,1,1,23,1,9,1,10,1,4,2,1,1,1,1,1,1,14,2,1,1,1,1,1,1,1,1,3,1,4,1,1,1,2,1,2,2,1,1,8,1,1,1,14,1,17,1,3,2,1,2,1,1,1,1,11,1,13,3,1,1,1,1,2,1,24,1,4,2,12,1,7,1,1,1
1,10,160,7.798681020736694,37,1,1,1,1,1,1,1,17,1,5,1,22,1,8,1,1,1,1,1,4,1,1,1,15,2,2,1,16,1,1,1,6,1,16,1,18,1,0,0,0,0,0,0,0,0,0,0,0,0,0,0,0,0,0,0,0,0,0,0,0,0,0,0,0,0,0,0,0,0,0,0,0,0,0,0,0,0,0,0,0,0,0,0,0,0,0,0,0,0,0,0,0,0,0,0,0,0,0,0,0,0,0,0,0,0,0,0,0,0,0,0,0,0,0,0,0,0,0,0,0,0,0,0,0,0,0,0,0,0,0,0,0,0,0,0,0,0,0,0,0,0,0,0,0,0,0,0,0,0,0,0,0,0,0,0,0,0,0,0,0,0,0,0,0,0,0,0,0,0,0,0,0,0,0,0,0,0,0,0,0,0,0,0,0,0,0,0,0,0,0,0,0,0,0,0,0,0,0,0,0,0,0,0
2,100,402,8.660792112350464,92,1,1,1,1,2,2,1,9,1,12,1,16,1,1,1,12,2,1,2,1,1,6,1,3,1,1,1,1,1,1,1,21,1,17,1,3,1,3,1,1,1,22,1,3,1,1,1,3,1,18,1,5,1,1,1,18,2,1,1,21,1,17,1,18,1,1,1,21,1,1,2,1,1,21,1,16,1,3,1,1,1,1,1,23,1,14,1,4,1,1,1,1,0,0,0,0,0,0,0,0,0,0,0,0,0,0,0,0,0,0,0,0,0,0,0,0,0,0,0,0,0,0,0,0,0,0,0,0,0,0,0,0,0,0,0,0,0,0,0,0,0,0,0,0,0,0,0,0,0,0,0,0,0,0,0,0,0,0,0,0,0,0,0,0,0,0,0,0,0,0,0,0,0,0,0,0,0,0,0,0,0,0,0,0,0,0,0,0,0,0,0,0,0,0,0,0,0,0,0,0,0,0,0
3,11,441,17.651148080825806,86,1,1,1,1,1,1,1,17,1,1,1,21,1,4,1,4,2,2,1,24,1,17,1,3,1,1,1,9,1,1,1,24,2,1,1,10,1,13,1,18,1,5,1,1,1,6,1,10,2,2,1,23,1,9,1,12,1,18,1,2,1,1,1,9,1,13,1,22,1,6,1,10,1,1,1,22,1,11,1,8,1,5,1,1,1,23,0,0,0,0,0,0,0,0,0,0,0,0,0,0,0,0,0,0,0,0,0,0,0,0,0,0,0,0,0,0,0,0,0,0,0,0,0,0,0,0,0,0,0,0,0,0,0,0,0,0,0,0,0,0,0,0,0,0,0,0,0,0,0,0,0,0,0,0,0,0,0,0,0,0,0,0,0,0,0,0,0,0,0,0,0,0,0,0,0,0,0,0,0,0,0,0,0,0,0,0,0,0,0,0,0,0,0,0,0,0,0,0,0,0,0,0,0
4,12,343,15.135029077529907,67,1,1,1,1,1,1,1,17,2,1,1,20,1,22,1,3,1,1,1,24,1,15,1,2,1,20,1,1,1,20,1,3,1,9,2,2,1,3,1,1,1,24,1,1,1,1,1,3,1,9,1,1,1,21,1,14,1,6,1,10,1,1,1,21,1,23,1,0,0,0,0,0,0,0,0,0,0,0,0,0,0,0,0,0,0,0,0,0,0,0,0,0,0,0,0,0,0,0,0,0,0,0,0,0,0,0,0,0,0,0,0,0,0,0,0,0,0,0,0,0,0,0,0,0,0,0,0,0,0,0,0,0,0,0,0,0,0,0,0,0,0,0,0,0,0,0,0,0,0,0,0,0,0,0,0,0,0,0,0,0,0,0,0,0,0,0,0,0,0,0,0,0,0,0,0,0,0,0,0,0,0,0,0,0,0,0,0,0,0,0,0,0,0,0,0,0,0,0,0,0,0,0,0
5,13,483,19.24720597267151,96,1,1,2,1,1,1,1,14,1,2,1,1,1,14,1,1,1,25,1,1,1,13,2,2,1,7,1,1,1,22,1,3,1,11,1,1,1,16,2,2,1,14,1,10,1,17,1,14,1,6,1,1,1,25,1,10,1,8,1,7,1,1,1,19,1,1,1,10,1,12,1,19,1,9,1,2,1,1,1,25,1,13,1,5,1,19,1,2,1,1,1,15,1,10,1,16,0,0,0,0,0,0,0,0,0,0,0,0,0,0,0,0,0,0,0,0,0,0,0,0,0,0,0,0,0,0,0,0,0,0,0,0,0,0,0,0,0,0,0,0,0,0,0,0,0,0,0,0,0,0,0,0,0,0,0,0,0,0,0,0,0,0,0,0,0,0,0,0,0,0,0,0,0,0,0,0,0,0,0,0,0,0,0,0,0,0,0,0,0,0,0,0,0,0,0,0,0,0,0,0,0,0,0
6,14,312,12.935165882110596,68,1,1,1,1,1,1,1,10,1,13,1,19,1,8,1,1,1,1,1,22,1,7,1,1,1,13,1,9,1,17,1,3,1,1,1,10,1,12,1,19,1,9,3,3,1,9,1,1,1,20,1,11,1,10,1,10,1,1,1,10,2,2,1,12,1,6,1,1,0,0,0,0,0,0,0,0,0,0,0,0,0,0,0,0,0,0,0,0,0,0,0,0,0,0,0,0,0,0,0,0,0,0,0,0,0,0,0,0,0,0,0,0,0,0,0,0,0,0,0,0,0,0,0,0,0,0,0,0,0,0,0,0,0,0,0,0,0,0,0,0,0,0,0,0,0,0,0,0,0,0,0,0,0,0,0,0,0,0,0,0,0,0,0,0,0,0,0,0,0,0,0,0,0,0,0,0,0,0,0,0,0,0,0,0,0,0,0,0,0,0,0,0,0,0,0,0,0,0,0,0,0,0,0
7,15,512,20.924805164337158,107,1,1,1,1,1,1,1,9,1,1,1,12,1,9,1,1,1,1,1,24,1,8,1,11,2,1,1,24,1,3,1,10,1,1,1,3,1,1,1,23,1,8,1,9,1,16,1,1,1,15,1,6,1,20,1,11,1,1,1,6,1,15,1,3,1,1,1,20,1,2,1,9,1,1,1,22,1,9,1,14,1,12,1,1,1,13,1,10,1,13,1,1,1,19,1,2,1,19,1,9,1,1,1,10,2,1,1,0,0,0,0,0,0,0,0,0,0,0,0,0,0,0,0,0,0,0,0,0,0,0,0,0,0,0,0,0,0,0,0,0,0,0,0,0,0,0,0,0,0,0,0,0,0,0,0,0,0,0,0,0,0,0,0,0,0,0,0,0,0,0,0,0,0,0,0,0,0,0,0,0,0,0,0,0,0,0,0,0,0,0,0,0,0,0,0,0,0,0,0,0,0,0,0
8,16,344,15.180798053741455,73,1,1,1,1,1,1,1,22,1,3,1,1,1,21,1,11,1,1,1,8,1,15,1,19,2,1,1,3,1,4,1,1,1,23,1,14,1,3,1,1,1,21,1,21,1,1,1,1,1,7,1,1,1,7,1,1,1,23,1,4,1,15,1,8,1,1,1,15,1,6,1,1,1,0,0,0,0,0,0,0,0,0,0,0,0,0,0,0,0,0,0,0,0,0,0,0,0,0,0,0,0,0,0,0,0,0,0,0,0,0,0,0,0,0,0,0,0,0,0,0,0,0,0,0,0,0,0,0,0,0,0,0,0,0,0,0,0,0,0,0,0,0,0,0,0,0,0,0,0,0,0,0,0,0,0,0,0,0,0,0,0,0,0,0,0,0,0,0,0,0,0,0,0,0,0,0,0,0,0,0,0,0,0,0,0,0,0,0,0,0,0,0,0,0,0,0,0,0,0,0,0,0,0
9,17,466,20.93082284927368,104,1,1,1,1,1,1,1,6,1,1,1,6,2,1,1,22,1,17,1,1,1,3,1,17,1,22,1,8,1,4,2,2,1,24,1,3,1,17,1,6,1,1,1,20,1,4,1,5,1,1,1,20,1,1,1,6,1,1,1,6,1,17,1,18,1,1,1,6,1,1,1,3,1,20,1,10,1,1,1,9,1,13,1,17,1,2,1,1,1,8,1,13,1,2,1,1,1,21,1,6,1,12,1,1,0,0,0,0,0,0,0,0,0,0,0,0,0,0,0,0,0,0,0,0,0,0,0,0,0,0,0,0,0,0,0,0,0,0,0,0,0,0,0,0,0,0,0,0,0,0,0,0,0,0,0,0,0,0,0,0,0,0,0,0,0,0,0,0,0,0,0,0,0,0,0,0,0,0,0,0,0,0,0,0,0,0,0,0,0,0,0,0,0,0,0,0,0,0,0,0,0,0,0
10,18,425,17.088876008987427,79,1,1,1,2,1,1,1,22,1,3,1,16,1,17,1,1,1,3,1,21,1,20,1,16,1,1,1,18,2,2,1,8,1,5,1,1,1,8,1,1,1,25,1,5,1,16,1,19,1,4,1,1,1,6,1,16,1,11,1,1,1,17,1,6,1,21,1,17,1,4,1,1,1,15,2,2,1,23,1,0,0,0,0,0,0,0,0,0,0,0,0,0,0,0,0,0,0,0,0,0,0,0,0,0,0,0,0,0,0,0,0,0,0,0,0,0,0,0,0,0,0,0,0,0,0,0,0,0,0,0,0,0,0,0,0,0,0,0,0,0,0,0,0,0,0,0,0,0,0,0,0,0,0,0,0,0,0,0,0,0,0,0,0,0,0,0,0,0,0,0,0,0,0,0,0,0,0,0,0,0,0,0,0,0,0,0,0,0,0,0,0,0,0,0,0,0,0,0,0,0,0,0,0
11,19,473,15.194965839385986,91,1,1,1,1,1,1,1,22,1,11,1,10,1,7,2,2,1,21,1,3,1,23,1,14,1,3,1,1,1,1,1,20,1,22,1,6,1,1,1,22,1,15,1,4,1,5,1,1,1,13,1,1,1,19,1,6,1,7,1,1,1,22,1,4,1,11,1,1,1,20,1,7,1,2,1,1,1,26,1,15,1,20,1,3,1,1,1,17,1,7,1,0,0,0,0,0,0,0,0,0,0,0,0,0,0,0,0,0,0,0,0,0,0,0,0,0,0,0,0,0,0,0,0,0,0,0,0,0,0,0,0,0,0,0,0,0,0,0,0,0,0,0,0,0,0,0,0,0,0,0,0,0,0,0,0,0,0,0,0,0,0,0,0,0,0,0,0,0,0,0,0,0,0,0,0,0,0,0,0,0,0,0,0,0,0,0,0,0,0,0,0,0,0,0,0,0,0,0,0,0,0,0,0
12,2,401,19.273273944854736,91,1,1,1,2,1,1,1,8,1,1,1,6,1,1,1,7,1,16,1,1,1,1,1,23,1,3,1,14,1,5,1,1,1,23,1,1,1,11,1,1,1,23,1,3,1,18,1,5,1,1,1,19,1,21,1,7,1,1,1,10,3,2,1,2,1,1,1,24,1,13,1,1,1,6,1,17,1,5,2,2,1,21,1,2,2,1,1,11,1,1,1,0,0,0,0,0,0,0,0,0,0,0,0,0,0,0,0,0,0,0,0,0,0,0,0,0,0,0,0,0,0,0,0,0,0,0,0,0,0,0,0,0,0,0,0,0,0,0,0,0,0,0,0,0,0,0,0,0,0,0,0,0,0,0,0,0,0,0,0,0,0,0,0,0,0,0,0,0,0,0,0,0,0,0,0,0,0,0,0,0,0,0,0,0,0,0,0,0,0,0,0,0,0,0,0,0,0,0,0,0,0,0,0
13,20,301,9.827182054519653,58,1,1,1,2,1,1,1,21,1,18,2,22,2,1,1,11,1,1,1,9,1,11,1,22,1,7,1,5,1,1,1,22,1,11,1,8,1,2,1,1,1,22,1,10,1,11,1,17,1,1,1,12,1,11,1,7,1,1,0,0,0,0,0,0,0,0,0,0,0,0,0,0,0,0,0,0,0,0,0,0,0,0,0,0,0,0,0,0,0,0,0,0,0,0,0,0,0,0,0,0,0,0,0,0,0,0,0,0,0,0,0,0,0,0,0,0,0,0,0,0,0,0,0,0,0,0,0,0,0,0,0,0,0,0,0,0,0,0,0,0,0,0,0,0,0,0,0,0,0,0,0,0,0,0,0,0,0,0,0,0,0,0,0,0,0,0,0,0,0,0,0,0,0,0,0,0,0,0,0,0,0,0,0,0,0,0,0,0,0,0,0,0,0,0,0,0,0,0,0,0,0,0,0
14,21,216,8.667524099349976,44,1,1,1,2,1,1,1,22,1,21,1,13,1,1,1,3,1,1,1,6,1,17,1,17,1,1,1,11,1,11,1,19,1,2,1,1,1,6,1,14,1,21,1,2,0,0,0,0,0,0,0,0,0,0,0,0,0,0,0,0,0,0,0,0,0,0,0,0,0,0,0,0,0,0,0,0,0,0,0,0,0,0,0,0,0,0,0,0,0,0,0,0,0,0,0,0,0,0,0,0,0,0,0,0,0,0,0,0,0,0,0,0,0,0,0,0,0,0,0,0,0,0,0,0,0,0,0,0,0,0,0,0,0,0,0,0,0,0,0,0,0,0,0,0,0,0,0,0,0,0,0,0,0,0,0,0,0,0,0,0,0,0,0,0,0,0,0,0,0,0,0,0,0,0,0,0,0,0,0,0,0,0,0,0,0,0,0,0,0,0,0,0,0,0,0,0,0,0,0,0,0,0,0
15,22,355,14.036017179489136,75,1,2,1,2,1,1,1,21,1,2,1,1,1,16,1,6,1,22,1,11,2,2,1,3,1,7,1,1,1,10,1,1,1,23,1,4,1,17,1,20,1,2,1,1,1,3,1,18,1,13,1,1,1,10,1,10,2,2,1,21,1,8,1,1,1,3,1,18,1,19,1,1,1,3,1,0,0,0,0,0,0,0,0,0,0,0,0,0,0,0,0,0,0,0,0,0,0,0,0,0,0,0,0,0,0,0,0,0,0,0,0,0,0,0,0,0,0,0,0,0,0,0,0,0,0,0,0,0,0,0,0,0,0,0,0,0,0,0,0,0,0,0,0,0,0,0,0,0,0,0,0,0,0,0,0,0,0,0,0,0,0,0,0,0,0,0,0,0,0,0,0,0,0,0,0,0,0,0,0,0,0,0,0,0,0,0,0,0,0,0,0,0,0,0,0,0,0,0,0,0,0,0,0
16,23,357,13.76783800125122,82,1,1,1,1,1,1,1,23,1,12,1,7,1,11,1,1,1,20,1,3,1,19,1,8,1,1,1,11,1,12,1,18,1,10,1,8,1,3,2,2,1,10,2,1,1,1,1,3,1,1,1,1,1,18,1,6,1,16,1,1,1,10,2,2,1,3,2,2,1,10,1,13,1,17,1,11,1,10,1,2,1,1,0,0,0,0,0,0,0,0,0,0,0,0,0,0,0,0,0,0,0,0,0,0,0,0,0,0,0,0,0,0,0,0,0,0,0,0,0,0,0,0,0,0,0,0,0,0,0,0,0,0,0,0,0,0,0,0,0,0,0,0,0,0,0,0,0,0,0,0,0,0,0,0,0,0,0,0,0,0,0,0,0,0,0,0,0,0,0,0,0,0,0,0,0,0,0,0,0,0,0,0,0,0,0,0,0,0,0,0,0,0,0,0,0,0,0,0,0,0,0,0,0
17,24,480,15.140336036682129,89,1,1,1,1,1,1,1,21,1,1,1,8,1,12,1,1,1,22,1,7,1,12,1,11,1,1,1,19,1,6,1,17,1,16,1,3,1,3,2,2,1,22,2,1,1,16,1,8,1,17,1,12,1,4,1,1,1,21,1,18,1,2,1,5,1,1,1,24,1,7,1,6,1,1,1,22,1,13,1,6,1,15,1,1,1,21,2,18,1,0,0,0,0,0,0,0,0,0,0,0,0,0,0,0,0,0,0,0,0,0,0,0,0,0,0,0,0,0,0,0,0,0,0,0,0,0,0,0,0,0,0,0,0,0,0,0,0,0,0,0,0,0,0,0,0,0,0,0,0,0,0,0,0,0,0,0,0,0,0,0,0,0,0,0,0,0,0,0,0,0,0,0,0,0,0,0,0,0,0,0,0,0,0,0,0,0,0,0,0,0,0,0,0,0,0,0,0,0,0,0,0,0,0
18,25,556,21.256391048431396,120,1,1,1,2,1,1,1,16,1,6,3,2,1,25,1,9,1,6,1,6,1,1,1,20,1,7,1,3,1,1,1,22,2,1,1,21,1,1,1,14,2,2,1,21,1,3,1,19,1,2,1,1,1,15,2,2,1,6,1,17,1,18,1,1,1,6,1,15,2,2,1,1,1,3,1,1,1,1,1,1,1,21,1,4,1,16,1,8,1,1,1,14,1,1,1,3,1,21,1,14,1,1,1,6,1,14,1,18,1,1,1,9,1,16,1,16,1,2,1,1,0,0,0,0,0,0,0,0,0,0,0,0,0,0,0,0,0,0,0,0,0,0,0,0,0,0,0,0,0,0,0,0,0,0,0,0,0,0,0,0,0,0,0,0,0,0,0,0,0,0,0,0,0,0,0,0,0,0,0,0,0,0,0,0,0,0,0,0,0,0,0,0,0,0,0,0,0,0,0,0,0,0,0
19,26,348,20.180613040924072,87,1,1,1,2,1,1,1,10,1,13,1,5,1,1,1,22,1,18,1,1,1,17,1,1,2,1,1,3,1,1,1,1,1,6,1,14,1,11,1,1,1,15,2,1,1,22,1,1,1,1,1,19,1,4,1,20,1,4,1,1,1,15,1,4,2,2,1,4,1,1,1,6,1,1,1,8,1,1,1,13,1,1,1,10,1,13,1,0,0,0,0,0,0,0,0,0,0,0,0,0,0,0,0,0,0,0,0,0,0,0,0,0,0,0,0,0,0,0,0,0,0,0,0,0,0,0,0,0,0,0,0,0,0,0,0,0,0,0,0,0,0,0,0,0,0,0,0,0,0,0,0,0,0,0,0,0,0,0,0,0,0,0,0,0,0,0,0,0,0,0,0,0,0,0,0,0,0,0,0,0,0,0,0,0,0,0,0,0,0,0,0,0,0,0,0,0,0,0,0,0,0,0,0
20,27,389,11.594396114349365,84,1,1,1,1,1,1,1,16,1,8,1,18,1,13,1,5,1,1,1,23,1,16,1,2,1,8,1,1,1,16,1,1,1,17,1,6,1,17,1,5,2,2,1,7,1,15,1,18,1,6,1,3,1,1,1,23,1,17,1,4,1,3,1,3,1,1,1,3,1,1,1,1,1,1,1,22,1,5,1,13,1,19,1,1,0,0,0,0,0,0,0,0,0,0,0,0,0,0,0,0,0,0,0,0,0,0,0,0,0,0,0,0,0,0,0,0,0,0,0,0,0,0,0,0,0,0,0,0,0,0,0,0,0,0,0,0,0,0,0,0,0,0,0,0,0,0,0,0,0,0,0,0,0,0,0,0,0,0,0,0,0,0,0,0,0,0,0,0,0,0,0,0,0,0,0,0,0,0,0,0,0,0,0,0,0,0,0,0,0,0,0,0,0,0,0,0,0,0,0,0,0,0,0
21,28,346,12.013383150100708,76,1,2,1,1,2,2,1,3,1,19,1,8,1,1,1,15,1,7,1,5,1,1,1,24,1,17,1,15,1,1,1,9,1,15,1,16,1,6,1,13,1,2,1,1,1,24,1,3,1,5,2,1,1,1,1,3,1,1,3,1,1,21,1,13,1,1,1,3,1,19,1,4,2,2,1,17,0,0,0,0,0,0,0,0,0,0,0,0,0,0,0,0,0,0,0,0,0,0,0,0,0,0,0,0,0,0,0,0,0,0,0,0,0,0,0,0,0,0,0,0,0,0,0,0,0,0,0,0,0,0,0,0,0,0,0,0,0,0,0,0,0,0,0,0,0,0,0,0,0,0,0,0,0,0,0,0,0,0,0,0,0,0,0,0,0,0,0,0,0,0,0,0,0,0,0,0,0,0,0,0,0,0,0,0,0,0,0,0,0,0,0,0,0,0,0,0,0,0,0,0,0,0,0
22,29,622,17.149746894836426,141,1,1,1,2,1,1,1,16,1,1,1,23,1,4,1,13,1,3,1,1,1,23,1,2,1,17,1,19,2,1,1,3,1,19,1,16,1,1,1,3,1,18,1,5,1,1,2,1,1,3,2,1,1,3,1,1,1,1,1,2,1,4,1,15,1,3,1,24,1,17,2,2,2,1,1,1,1,2,1,1,1,22,1,19,1,2,1,17,3,1,1,3,1,1,1,1,2,1,1,18,1,4,1,7,1,1,1,22,1,5,1,15,1,14,1,1,1,11,1,9,1,2,1,1,1,22,1,5,1,13,1,1,1,1,1,21,1,8,1,17,1,0,0,0,0,0,0,0,0,0,0,0,0,0,0,0,0,0,0,0,0,0,0,0,0,0,0,0,0,0,0,0,0,0,0,0,0,0,0,0,0,0,0,0,0,0,0,0,0,0,0,0,0,0,0,0,0,0,0,0,0,0,0
23,3,582,18.78282904624939,118,1,1,1,1,1,1,1,21,1,9,1,1,1,9,1,13,1,13,1,1,1,16,1,5,1,20,1,6,2,2,1,9,1,8,1,1,1,22,1,9,1,10,1,8,1,1,1,21,1,1,1,1,1,23,1,17,2,5,1,1,1,2,2,1,1,3,1,1,3,1,2,3,1,33,1,1,1,16,1,24,1,11,1,9,1,12,1,1,1,12,1,1,1,9,1,13,1,3,1,1,1,22,1,5,1,16,1,4,1,1,1,22,1,22,1,10,1,1,0,0,0,0,0,0,0,0,0,0,0,0,0,0,0,0,0,0,0,0,0,0,0,0,0,0,0,0,0,0,0,0,0,0,0,0,0,0,0,0,0,0,0,0,0,0,0,0,0,0,0,0,0,0,0,0,0,0,0,0,0,0,0,0,0,0,0,0,0,0,0,0,0,0,0,0,0,0,0,0,0,0,0,0,0
24,30,252,10.63584303855896,56,1,1,1,1,1,1,1,20,1,2,1,18,1,6,1,1,1,15,1,9,1,18,1,8,1,3,2,2,1,25,1,12,1,2,1,1,1,12,1,1,1,22,2,1,1,7,1,1,1,3,1,20,1,8,1,1,0,0,0,0,0,0,0,0,0,0,0,0,0,0,0,0,0,0,0,0,0,0,0,0,0,0,0,0,0,0,0,0,0,0,0,0,0,0,0,0,0,0,0,0,0,0,0,0,0,0,0,0,0,0,0,0,0,0,0,0,0,0,0,0,0,0,0,0,0,0,0,0,0,0,0,0,0,0,0,0,0,0,0,0,0,0,0,0,0,0,0,0,0,0,0,0,0,0,0,0,0,0,0,0,0,0,0,0,0,0,0,0,0,0,0,0,0,0,0,0,0,0,0,0,0,0,0,0,0,0,0,0,0,0,0,0,0,0,0,0,0,0,0,0,0,0,0
25,31,452,14.874154090881348,100,1,1,1,1,1,1,1,24,1,2,1,1,1,3,1,20,1,16,1,4,1,15,1,2,1,1,1,13,1,1,1,10,1,14,1,19,1,4,1,1,1,3,1,18,1,8,2,2,1,15,1,6,1,9,1,1,1,23,1,5,1,12,1,15,1,1,1,12,1,11,1,17,2,1,1,12,1,1,2,1,1,1,1,3,1,1,2,1,1,22,1,16,1,4,1,19,1,3,1,1,0,0,0,0,0,0,0,0,0,0,0,0,0,0,0,0,0,0,0,0,0,0,0,0,0,0,0,0,0,0,0,0,0,0,0,0,0,0,0,0,0,0,0,0,0,0,0,0,0,0,0,0,0,0,0,0,0,0,0,0,0,0,0,0,0,0,0,0,0,0,0,0,0,0,0,0,0,0,0,0,0,0,0,0,0,0,0,0,0,0,0,0,0,0,0,0,0,0,0,0,0,0,0
26,32,352,11.063562870025635,75,1,1,1,1,1,1,1,22,1,8,2,1,2,1,1,6,1,4,1,16,1,9,1,1,1,1,1,11,1,7,1,1,1,21,1,9,1,10,1,17,1,1,1,15,1,7,1,21,1,9,1,1,1,6,1,15,1,20,1,4,1,5,1,1,1,21,1,7,2,2,1,10,1,13,1,0,0,0,0,0,0,0,0,0,0,0,0,0,0,0,0,0,0,0,0,0,0,0,0,0,0,0,0,0,0,0,0,0,0,0,0,0,0,0,0,0,0,0,0,0,0,0,0,0,0,0,0,0,0,0,0,0,0,0,0,0,0,0,0,0,0,0,0,0,0,0,0,0,0,0,0,0,0,0,0,0,0,0,0,0,0,0,0,0,0,0,0,0,0,0,0,0,0,0,0,0,0,0,0,0,0,0,0,0,0,0,0,0,0,0,0,0,0,0,0,0,0,0,0,0,0,0,0
27,33,291,10.040052890777588,65,1,1,1,2,1,1,1,7,1,1,2,1,1,7,1,8,1,11,1,22,1,14,1,4,2,1,1,4,1,17,1,20,1,5,1,3,1,1,1,25,1,11,1,6,1,18,1,3,1,1,1,10,1,1,1,3,1,18,1,21,1,2,1,1,1,0,0,0,0,0,0,0,0,0,0,0,0,0,0,0,0,0,0,0,0,0,0,0,0,0,0,0,0,0,0,0,0,0,0,0,0,0,0,0,0,0,0,0,0,0,0,0,0,0,0,0,0,0,0,0,0,0,0,0,0,0,0,0,0,0,0,0,0,0,0,0,0,0,0,0,0,0,0,0,0,0,0,0,0,0,0,0,0,0,0,0,0,0,0,0,0,0,0,0,0,0,0,0,0,0,0,0,0,0,0,0,0,0,0,0,0,0,0,0,0,0,0,0,0,0,0,0,0,0,0,0,0,0,0,0,0,0,0
28,34,321,13.09470796585083,69,1,1,1,1,1,2,1,18,1,4,1,18,1,15,1,2,1,1,1,17,1,1,1,12,1,1,1,18,1,4,1,6,1,1,1,15,1,1,1,17,1,7,1,9,1,1,1,23,1,2,1,9,1,1,1,23,1,7,1,1,1,1,1,23,1,16,1,2,1,0,0,0,0,0,0,0,0,0,0,0,0,0,0,0,0,0,0,0,0,0,0,0,0,0,0,0,0,0,0,0,0,0,0,0,0,0,0,0,0,0,0,0,0,0,0,0,0,0,0,0,0,0,0,0,0,0,0,0,0,0,0,0,0,0,0,0,0,0,0,0,0,0,0,0,0,0,0,0,0,0,0,0,0,0,0,0,0,0,0,0,0,0,0,0,0,0,0,0,0,0,0,0,0,0,0,0,0,0,0,0,0,0,0,0,0,0,0,0,0,0,0,0,0,0,0,0,0,0,0,0,0,0,0
29,35,209,9.51859712600708,46,1,1,1,1,1,1,1,23,1,9,1,8,1,1,1,9,1,1,1,15,1,1,1,14,1,13,1,10,1,1,1,13,1,1,1,6,1,17,1,20,1,5,1,13,1,2,0,0,0,0,0,0,0,0,0,0,0,0,0,0,0,0,0,0,0,0,0,0,0,0,0,0,0,0,0,0,0,0,0,0,0,0,0,0,0,0,0,0,0,0,0,0,0,0,0,0,0,0,0,0,0,0,0,0,0,0,0,0,0,0,0,0,0,0,0,0,0,0,0,0,0,0,0,0,0,0,0,0,0,0,0,0,0,0,0,0,0,0,0,0,0,0,0,0,0,0,0,0,0,0,0,0,0,0,0,0,0,0,0,0,0,0,0,0,0,0,0,0,0,0,0,0,0,0,0,0,0,0,0,0,0,0,0,0,0,0,0,0,0,0,0,0,0,0,0,0,0,0,0,0,0,0,0
30,36,538,20.11613702774048,120,1,1,1,1,1,1,1,22,1,13,1,9,1,10,1,1,1,22,1,18,1,1,1,21,1,1,1,1,1,9,1,1,1,11,1,1,1,11,1,1,1,13,1,5,1,1,1,22,1,16,1,2,1,19,1,4,1,1,1,14,1,8,1,10,1,1,2,1,1,6,1,7,1,13,1,3,1,13,1,4,1,1,1,24,1,17,1,19,1,3,3,2,2,1,1,1,1,5,1,3,1,4,1,1,1,9,1,1,1,22,1,10,1,9,1,19,1,2,1,1,0,0,0,0,0,0,0,0,0,0,0,0,0,0,0,0,0,0,0,0,0,0,0,0,0,0,0,0,0,0,0,0,0,0,0,0,0,0,0,0,0,0,0,0,0,0,0,0,0,0,0,0,0,0,0,0,0,0,0,0,0,0,0,0,0,0,0,0,0,0,0,0,0,0,0,0,0,0,0,0,0,0,0
31,37,358,15.83460283279419,94,1,1,1,1,1,1,1,13,1,9,1,19,1,4,1,1,1,7,1,14,1,19,1,9,1,10,2,1,1,16,1,1,1,14,1,5,1,1,1,22,1,12,1,7,1,11,1,1,1,16,1,1,1,6,1,10,1,1,1,8,1,1,1,22,1,2,1,14,2,2,1,9,1,1,1,1,1,2,1,1,1,3,1,3,1,1,2,1,1,1,1,1,1,1,0,0,0,0,0,0,0,0,0,0,0,0,0,0,0,0,0,0,0,0,0,0,0,0,0,0,0,0,0,0,0,0,0,0,0,0,0,0,0,0,0,0,0,0,0,0,0,0,0,0,0,0,0,0,0,0,0,0,0,0,0,0,0,0,0,0,0,0,0,0,0,0,0,0,0,0,0,0,0,0,0,0,0,0,0,0,0,0,0,0,0,0,0,0,0,0,0,0,0,0,0,0,0,0,0,0,0,0,0
32,38,558,19.234513998031616,119,1,1,1,1,1,1,1,12,1,11,1,21,1,7,1,3,1,1,1,12,1,1,1,23,1,5,1,14,1,17,1,3,1,1,1,3,1,17,1,19,1,6,1,4,1,1,1,24,1,12,1,8,1,15,1,1,1,12,1,1,1,9,1,13,1,7,1,1,1,18,1,2,1,6,1,14,1,10,1,7,1,2,1,3,1,1,2,1,1,1,1,23,1,8,1,1,1,11,1,11,1,11,2,2,1,18,1,2,1,1,1,24,1,15,1,3,1,13,1,0,0,0,0,0,0,0,0,0,0,0,0,0,0,0,0,0,0,0,0,0,0,0,0,0,0,0,0,0,0,0,0,0,0,0,0,0,0,0,0,0,0,0,0,0,0,0,0,0,0,0,0,0,0,0,0,0,0,0,0,0,0,0,0,0,0,0,0,0,0,0,0,0,0,0,0,0,0,0,0,0,0,0,0
33,39,390,14.66185712814331,82,1,1,1,1,1,1,1,23,1,3,1,13,1,1,1,22,1,6,1,4,1,1,1,20,1,16,1,5,1,18,2,1,1,4,1,1,1,12,2,1,1,21,1,19,1,20,1,1,1,1,1,22,1,19,1,10,3,1,1,4,2,1,1,1,1,4,2,2,1,6,1,7,2,2,1,23,1,12,1,7,3,2,0,0,0,0,0,0,0,0,0,0,0,0,0,0,0,0,0,0,0,0,0,0,0,0,0,0,0,0,0,0,0,0,0,0,0,0,0,0,0,0,0,0,0,0,0,0,0,0,0,0,0,0,0,0,0,0,0,0,0,0,0,0,0,0,0,0,0,0,0,0,0,0,0,0,0,0,0,0,0,0,0,0,0,0,0,0,0,0,0,0,0,0,0,0,0,0,0,0,0,0,0,0,0,0,0,0,0,0,0,0,0,0,0,0,0,0,0,0,0,0,0
34,4,106,7.9121599197387695,29,1,1,1,2,1,1,1,21,1,1,1,10,1,1,1,1,1,4,1,1,1,22,1,13,1,1,1,3,1,0,0,0,0,0,0,0,0,0,0,0,0,0,0,0,0,0,0,0,0,0,0,0,0,0,0,0,0,0,0,0,0,0,0,0,0,0,0,0,0,0,0,0,0,0,0,0,0,0,0,0,0,0,0,0,0,0,0,0,0,0,0,0,0,0,0,0,0,0,0,0,0,0,0,0,0,0,0,0,0,0,0,0,0,0,0,0,0,0,0,0,0,0,0,0,0,0,0,0,0,0,0,0,0,0,0,0,0,0,0,0,0,0,0,0,0,0,0,0,0,0,0,0,0,0,0,0,0,0,0,0,0,0,0,0,0,0,0,0,0,0,0,0,0,0,0,0,0,0,0,0,0,0,0,0,0,0,0,0,0,0,0,0,0,0,0,0,0,0,0,0,0,0,0
35,40,64,4.391279935836792,18,1,1,1,1,2,2,1,13,1,1,1,12,1,11,1,11,1,1,0,0,0,0,0,0,0,0,0,0,0,0,0,0,0,0,0,0,0,0,0,0,0,0,0,0,0,0,0,0,0,0,0,0,0,0,0,0,0,0,0,0,0,0,0,0,0,0,0,0,0,0,0,0,0,0,0,0,0,0,0,0,0,0,0,0,0,0,0,0,0,0,0,0,0,0,0,0,0,0,0,0,0,0,0,0,0,0,0,0,0,0,0,0,0,0,0,0,0,0,0,0,0,0,0,0,0,0,0,0,0,0,0,0,0,0,0,0,0,0,0,0,0,0,0,0,0,0,0,0,0,0,0,0,0,0,0,0,0,0,0,0,0,0,0,0,0,0,0,0,0,0,0,0,0,0,0,0,0,0,0,0,0,0,0,0,0,0,0,0,0,0,0,0,0,0,0,0,0,0,0,0,0,0,0
36,41,543,29.95580005645752,112,1,1,1,1,1,1,1,19,1,1,1,16,1,1,1,5,1,17,1,18,1,1,1,3,1,1,1,25,1,16,1,2,1,15,1,1,1,7,1,1,1,12,1,1,1,3,1,5,1,1,1,21,1,14,1,5,1,3,1,1,1,22,1,12,1,8,1,20,1,4,1,1,1,9,1,12,1,17,1,10,1,12,2,1,1,23,1,4,1,11,1,1,1,26,1,9,1,5,1,1,1,20,1,1,1,21,1,1,1,15,1,1,0,0,0,0,0,0,0,0,0,0,0,0,0,0,0,0,0,0,0,0,0,0,0,0,0,0,0,0,0,0,0,0,0,0,0,0,0,0,0,0,0,0,0,0,0,0,0,0,0,0,0,0,0,0,0,0,0,0,0,0,0,0,0,0,0,0,0,0,0,0,0,0,0,0,0,0,0,0,0,0,0,0,0,0,0,0,0,0,0,0,0
37,42,218,11.057832956314087,75,1,1,2,3,1,9,1,1,1,1,1,2,2,7,1,2,1,1,1,1,2,1,1,3,1,1,1,1,1,2,1,1,1,1,2,1,1,1,1,22,1,23,1,17,2,1,1,1,1,2,1,2,1,1,1,6,1,1,1,8,1,1,1,10,1,12,1,6,1,1,1,17,1,1,1,0,0,0,0,0,0,0,0,0,0,0,0,0,0,0,0,0,0,0,0,0,0,0,0,0,0,0,0,0,0,0,0,0,0,0,0,0,0,0,0,0,0,0,0,0,0,0,0,0,0,0,0,0,0,0,0,0,0,0,0,0,0,0,0,0,0,0,0,0,0,0,0,0,0,0,0,0,0,0,0,0,0,0,0,0,0,0,0,0,0,0,0,0,0,0,0,0,0,0,0,0,0,0,0,0,0,0,0,0,0,0,0,0,0,0,0,0,0,0,0,0,0,0,0,0,0,0,0
38,43,346,12.071907043457031,63,1,1,1,2,1,1,1,26,1,10,2,1,1,18,1,1,1,28,2,15,1,15,1,1,1,8,1,16,1,13,1,1,1,15,1,11,1,17,1,5,1,1,1,6,1,15,1,23,1,4,1,12,1,1,1,20,1,1,1,10,1,12,1,0,0,0,0,0,0,0,0,0,0,0,0,0,0,0,0,0,0,0,0,0,0,0,0,0,0,0,0,0,0,0,0,0,0,0,0,0,0,0,0,0,0,0,0,0,0,0,0,0,0,0,0,0,0,0,0,0,0,0,0,0,0,0,0,0,0,0,0,0,0,0,0,0,0,0,0,0,0,0,0,0,0,0,0,0,0,0,0,0,0,0,0,0,0,0,0,0,0,0,0,0,0,0,0,0,0,0,0,0,0,0,0,0,0,0,0,0,0,0,0,0,0,0,0,0,0,0,0,0,0,0,0,0,0,0,0,0,0,0,0
39,44,427,20.216778993606567,94,1,1,1,1,1,1,1,23,1,5,1,1,1,21,1,13,1,8,1,12,1,1,1,22,1,4,1,16,1,15,1,2,1,1,1,10,2,2,1,23,1,10,1,10,1,12,1,1,1,3,1,1,1,3,1,1,1,5,1,1,1,10,1,4,1,1,1,21,1,3,1,1,1,20,1,3,1,16,1,1,1,19,1,3,1,19,1,16,2,1,1,7,2,2,0,0,0,0,0,0,0,0,0,0,0,0,0,0,0,0,0,0,0,0,0,0,0,0,0,0,0,0,0,0,0,0,0,0,0,0,0,0,0,0,0,0,0,0,0,0,0,0,0,0,0,0,0,0,0,0,0,0,0,0,0,0,0,0,0,0,0,0,0,0,0,0,0,0,0,0,0,0,0,0,0,0,0,0,0,0,0,0,0,0,0,0,0,0,0,0,0,0,0,0,0,0,0,0,0,0,0,0,0
40,45,655,20.296393156051636,113,1,1,1,1,1,1,1,22,2,21,1,17,2,1,1,12,1,1,1,25,1,10,1,8,1,1,1,24,1,9,1,2,1,1,1,22,1,21,2,6,1,1,1,23,1,10,1,11,1,7,1,1,2,1,1,3,1,1,2,1,1,22,1,20,1,16,1,2,3,2,1,22,1,21,1,15,2,2,1,22,1,21,1,3,1,1,1,20,1,3,1,20,1,12,1,1,1,6,1,16,1,18,1,5,1,13,1,1,1,22,1,8,1,0,0,0,0,0,0,0,0,0,0,0,0,0,0,0,0,0,0,0,0,0,0,0,0,0,0,0,0,0,0,0,0,0,0,0,0,0,0,0,0,0,0,0,0,0,0,0,0,0,0,0,0,0,0,0,0,0,0,0,0,0,0,0,0,0,0,0,0,0,0,0,0,0,0,0,0,0,0,0,0,0,0,0,0,0,0,0,0,0,0
41,46,338,15.614553928375244,76,1,1,1,1,1,1,1,3,1,19,1,4,1,1,1,21,2,1,1,21,1,19,1,5,1,2,1,1,1,26,1,6,1,5,2,1,1,1,1,1,1,3,1,1,1,1,1,23,2,1,1,15,1,8,1,6,1,1,1,16,1,1,1,16,1,5,1,15,1,1,1,21,1,20,2,1,0,0,0,0,0,0,0,0,0,0,0,0,0,0,0,0,0,0,0,0,0,0,0,0,0,0,0,0,0,0,0,0,0,0,0,0,0,0,0,0,0,0,0,0,0,0,0,0,0,0,0,0,0,0,0,0,0,0,0,0,0,0,0,0,0,0,0,0,0,0,0,0,0,0,0,0,0,0,0,0,0,0,0,0,0,0,0,0,0,0,0,0,0,0,0,0,0,0,0,0,0,0,0,0,0,0,0,0,0,0,0,0,0,0,0,0,0,0,0,0,0,0,0,0,0,0,0
42,47,382,15.951836824417114,76,1,1,1,1,2,2,1,22,1,14,1,10,1,16,1,4,1,1,1,10,1,1,1,4,1,20,1,17,1,1,1,3,1,19,1,14,1,1,1,6,1,6,1,1,1,23,1,22,1,4,1,7,1,1,1,23,1,20,1,8,1,1,1,14,1,8,1,1,1,15,1,1,1,19,1,1,0,0,0,0,0,0,0,0,0,0,0,0,0,0,0,0,0,0,0,0,0,0,0,0,0,0,0,0,0,0,0,0,0,0,0,0,0,0,0,0,0,0,0,0,0,0,0,0,0,0,0,0,0,0,0,0,0,0,0,0,0,0,0,0,0,0,0,0,0,0,0,0,0,0,0,0,0,0,0,0,0,0,0,0,0,0,0,0,0,0,0,0,0,0,0,0,0,0,0,0,0,0,0,0,0,0,0,0,0,0,0,0,0,0,0,0,0,0,0,0,0,0,0,0,0,0,0
43,48,227,8.737549066543579,44,1,1,1,1,1,1,1,24,2,18,1,16,2,1,1,17,1,1,1,25,1,1,1,17,1,6,1,1,1,7,1,1,1,15,1,7,1,30,1,10,1,1,1,1,0,0,0,0,0,0,0,0,0,0,0,0,0,0,0,0,0,0,0,0,0,0,0,0,0,0,0,0,0,0,0,0,0,0,0,0,0,0,0,0,0,0,0,0,0,0,0,0,0,0,0,0,0,0,0,0,0,0,0,0,0,0,0,0,0,0,0,0,0,0,0,0,0,0,0,0,0,0,0,0,0,0,0,0,0,0,0,0,0,0,0,0,0,0,0,0,0,0,0,0,0,0,0,0,0,0,0,0,0,0,0,0,0,0,0,0,0,0,0,0,0,0,0,0,0,0,0,0,0,0,0,0,0,0,0,0,0,0,0,0,0,0,0,0,0,0,0,0,0,0,0,0,0,0,0,0,0,0,0
44,49,329,10.991612911224365,69,1,1,2,2,1,1,1,9,1,12,1,24,1,2,1,3,1,1,1,23,1,18,2,1,1,22,1,20,1,2,1,1,1,24,1,12,1,1,2,1,1,3,1,6,1,2,1,18,1,7,1,4,1,1,1,12,1,9,1,20,1,10,1,9,1,3,1,1,1,0,0,0,0,0,0,0,0,0,0,0,0,0,0,0,0,0,0,0,0,0,0,0,0,0,0,0,0,0,0,0,0,0,0,0,0,0,0,0,0,0,0,0,0,0,0,0,0,0,0,0,0,0,0,0,0,0,0,0,0,0,0,0,0,0,0,0,0,0,0,0,0,0,0,0,0,0,0,0,0,0,0,0,0,0,0,0,0,0,0,0,0,0,0,0,0,0,0,0,0,0,0,0,0,0,0,0,0,0,0,0,0,0,0,0,0,0,0,0,0,0,0,0,0,0,0,0,0,0,0,0,0,0,0
45,5,299,15.19333004951477,67,1,1,1,1,1,1,1,14,1,1,1,15,1,1,1,3,1,19,1,5,2,2,1,17,1,6,1,17,1,1,1,17,1,1,1,3,1,10,1,1,1,24,1,8,1,7,1,19,1,1,1,15,2,1,1,16,1,1,1,23,1,2,1,1,1,3,1,0,0,0,0,0,0,0,0,0,0,0,0,0,0,0,0,0,0,0,0,0,0,0,0,0,0,0,0,0,0,0,0,0,0,0,0,0,0,0,0,0,0,0,0,0,0,0,0,0,0,0,0,0,0,0,0,0,0,0,0,0,0,0,0,0,0,0,0,0,0,0,0,0,0,0,0,0,0,0,0,0,0,0,0,0,0,0,0,0,0,0,0,0,0,0,0,0,0,0,0,0,0,0,0,0,0,0,0,0,0,0,0,0,0,0,0,0,0,0,0,0,0,0,0,0,0,0,0,0,0,0,0,0,0,0,0
46,50,333,12.085694074630737,67,1,1,1,1,1,1,1,17,1,4,1,1,1,23,1,3,1,1,1,16,1,5,1,22,1,9,1,4,1,1,1,21,1,16,1,7,1,4,1,1,1,3,1,1,1,27,1,1,1,7,1,1,1,21,1,15,1,7,1,9,1,1,1,22,1,20,1,0,0,0,0,0,0,0,0,0,0,0,0,0,0,0,0,0,0,0,0,0,0,0,0,0,0,0,0,0,0,0,0,0,0,0,0,0,0,0,0,0,0,0,0,0,0,0,0,0,0,0,0,0,0,0,0,0,0,0,0,0,0,0,0,0,0,0,0,0,0,0,0,0,0,0,0,0,0,0,0,0,0,0,0,0,0,0,0,0,0,0,0,0,0,0,0,0,0,0,0,0,0,0,0,0,0,0,0,0,0,0,0,0,0,0,0,0,0,0,0,0,0,0,0,0,0,0,0,0,0,0,0,0,0,0,0
47,51,460,20.271306037902832,103,1,1,2,1,1,1,1,15,1,6,1,1,1,22,1,2,1,1,1,13,1,11,1,15,2,1,1,3,1,1,1,1,1,1,1,17,1,4,1,20,1,13,1,6,1,1,1,18,1,1,1,18,1,3,1,20,1,2,1,1,1,14,1,1,1,3,1,4,1,1,1,14,1,1,1,22,2,1,1,6,1,15,1,5,1,1,1,21,1,18,1,1,1,23,1,1,1,7,1,1,1,22,1,0,0,0,0,0,0,0,0,0,0,0,0,0,0,0,0,0,0,0,0,0,0,0,0,0,0,0,0,0,0,0,0,0,0,0,0,0,0,0,0,0,0,0,0,0,0,0,0,0,0,0,0,0,0,0,0,0,0,0,0,0,0,0,0,0,0,0,0,0,0,0,0,0,0,0,0,0,0,0,0,0,0,0,0,0,0,0,0,0,0,0,0,0,0,0,0,0,0,0,0
48,52,381,13.113582134246826,85,1,1,1,1,1,1,1,11,1,12,1,17,1,5,1,7,2,1,1,1,1,3,1,1,1,1,1,22,1,1,1,18,1,5,1,21,1,2,1,1,1,14,1,9,1,19,1,6,1,1,1,3,1,2,1,1,1,23,1,9,2,2,1,10,1,6,1,1,1,25,1,15,1,3,1,4,1,1,1,22,1,9,1,12,1,0,0,0,0,0,0,0,0,0,0,0,0,0,0,0,0,0,0,0,0,0,0,0,0,0,0,0,0,0,0,0,0,0,0,0,0,0,0,0,0,0,0,0,0,0,0,0,0,0,0,0,0,0,0,0,0,0,0,0,0,0,0,0,0,0,0,0,0,0,0,0,0,0,0,0,0,0,0,0,0,0,0,0,0,0,0,0,0,0,0,0,0,0,0,0,0,0,0,0,0,0,0,0,0,0,0,0,0,0,0,0,0,0,0,0,0,0,0
49,53,287,11.972677946090698,64,1,1,1,1,1,1,1,23,1,9,2,2,1,21,1,1,1,14,1,8,1,22,1,8,1,7,1,1,1,3,2,2,1,23,1,14,1,6,1,1,2,1,1,3,1,7,1,15,2,1,1,1,1,13,1,11,1,9,1,1,1,19,1,1,0,0,0,0,0,0,0,0,0,0,0,0,0,0,0,0,0,0,0,0,0,0,0,0,0,0,0,0,0,0,0,0,0,0,0,0,0,0,0,0,0,0,0,0,0,0,0,0,0,0,0,0,0,0,0,0,0,0,0,0,0,0,0,0,0,0,0,0,0,0,0,0,0,0,0,0,0,0,0,0,0,0,0,0,0,0,0,0,0,0,0,0,0,0,0,0,0,0,0,0,0,0,0,0,0,0,0,0,0,0,0,0,0,0,0,0,0,0,0,0,0,0,0,0,0,0,0,0,0,0,0,0,0,0,0,0,0,0,0
50,54,161,6.713805913925171,37,1,1,1,2,1,1,1,20,1,4,1,18,1,10,1,1,1,9,1,15,1,10,1,1,1,18,1,3,1,20,1,3,1,1,1,3,2,0,0,0,0,0,0,0,0,0,0,0,0,0,0,0,0,0,0,0,0,0,0,0,0,0,0,0,0,0,0,0,0,0,0,0,0,0,0,0,0,0,0,0,0,0,0,0,0,0,0,0,0,0,0,0,0,0,0,0,0,0,0,0,0,0,0,0,0,0,0,0,0,0,0,0,0,0,0,0,0,0,0,0,0,0,0,0,0,0,0,0,0,0,0,0,0,0,0,0,0,0,0,0,0,0,0,0,0,0,0,0,0,0,0,0,0,0,0,0,0,0,0,0,0,0,0,0,0,0,0,0,0,0,0,0,0,0,0,0,0,0,0,0,0,0,0,0,0,0,0,0,0,0,0,0,0,0,0,0,0,0,0,0,0,0,0
51,55,305,13.139973878860474,73,1,1,1,1,1,1,1,6,1,15,1,5,1,1,1,21,3,1,1,1,1,3,1,1,2,1,1,1,1,23,1,2,1,1,1,21,1,4,1,21,1,9,1,1,1,3,1,19,1,20,1,19,1,3,1,1,1,13,1,1,1,6,2,2,1,6,1,15,1,8,1,1,1,0,0,0,0,0,0,0,0,0,0,0,0,0,0,0,0,0,0,0,0,0,0,0,0,0,0,0,0,0,0,0,0,0,0,0,0,0,0,0,0,0,0,0,0,0,0,0,0,0,0,0,0,0,0,0,0,0,0,0,0,0,0,0,0,0,0,0,0,0,0,0,0,0,0,0,0,0,0,0,0,0,0,0,0,0,0,0,0,0,0,0,0,0,0,0,0,0,0,0,0,0,0,0,0,0,0,0,0,0,0,0,0,0,0,0,0,0,0,0,0,0,0,0,0,0,0,0,0,0,0
52,56,432,17.20287799835205,89,1,1,1,1,1,1,1,22,1,18,1,4,1,16,1,1,1,18,1,4,1,23,1,16,2,1,1,3,2,2,1,22,1,16,1,4,1,8,2,1,1,3,1,1,1,1,1,1,1,20,1,1,1,8,1,1,1,3,1,10,1,1,1,24,1,12,2,1,1,23,1,18,1,5,1,16,1,3,1,1,1,17,1,4,1,17,1,1,1,0,0,0,0,0,0,0,0,0,0,0,0,0,0,0,0,0,0,0,0,0,0,0,0,0,0,0,0,0,0,0,0,0,0,0,0,0,0,0,0,0,0,0,0,0,0,0,0,0,0,0,0,0,0,0,0,0,0,0,0,0,0,0,0,0,0,0,0,0,0,0,0,0,0,0,0,0,0,0,0,0,0,0,0,0,0,0,0,0,0,0,0,0,0,0,0,0,0,0,0,0,0,0,0,0,0,0,0,0,0,0,0,0,0
53,57,514,19.83882188796997,100,1,1,1,2,1,1,1,14,1,8,1,19,1,11,2,1,1,18,1,1,1,6,1,1,1,22,1,5,1,1,1,15,1,1,1,22,1,10,1,1,1,23,1,8,1,2,1,2,1,21,1,20,1,9,1,1,1,22,1,6,1,14,1,3,1,1,1,25,1,2,1,17,1,6,1,1,1,19,1,5,1,22,1,7,1,1,1,3,1,20,1,21,1,3,1,14,1,3,1,1,0,0,0,0,0,0,0,0,0,0,0,0,0,0,0,0,0,0,0,0,0,0,0,0,0,0,0,0,0,0,0,0,0,0,0,0,0,0,0,0,0,0,0,0,0,0,0,0,0,0,0,0,0,0,0,0,0,0,0,0,0,0,0,0,0,0,0,0,0,0,0,0,0,0,0,0,0,0,0,0,0,0,0,0,0,0,0,0,0,0,0,0,0,0,0,0,0,0,0,0,0,0,0
54,58,415,15.177417993545532,81,1,1,1,2,1,1,1,24,1,17,2,8,1,1,1,22,1,7,1,12,1,2,1,1,1,19,1,1,1,10,1,13,1,16,1,1,1,12,1,9,1,6,1,1,1,14,1,1,1,12,1,11,1,18,1,7,1,1,1,3,1,17,1,22,1,18,1,2,1,1,1,4,1,1,1,17,1,6,1,22,1,0,0,0,0,0,0,0,0,0,0,0,0,0,0,0,0,0,0,0,0,0,0,0,0,0,0,0,0,0,0,0,0,0,0,0,0,0,0,0,0,0,0,0,0,0,0,0,0,0,0,0,0,0,0,0,0,0,0,0,0,0,0,0,0,0,0,0,0,0,0,0,0,0,0,0,0,0,0,0,0,0,0,0,0,0,0,0,0,0,0,0,0,0,0,0,0,0,0,0,0,0,0,0,0,0,0,0,0,0,0,0,0,0,0,0,0,0,0,0,0,0,0
55,59,239,9.758159875869751,50,1,1,1,1,1,1,1,23,1,10,1,1,1,15,1,8,1,19,1,8,1,3,1,1,1,23,1,14,1,4,1,1,1,1,1,21,1,1,1,16,1,4,1,1,1,24,1,11,1,1,0,0,0,0,0,0,0,0,0,0,0,0,0,0,0,0,0,0,0,0,0,0,0,0,0,0,0,0,0,0,0,0,0,0,0,0,0,0,0,0,0,0,0,0,0,0,0,0,0,0,0,0,0,0,0,0,0,0,0,0,0,0,0,0,0,0,0,0,0,0,0,0,0,0,0,0,0,0,0,0,0,0,0,0,0,0,0,0,0,0,0,0,0,0,0,0,0,0,0,0,0,0,0,0,0,0,0,0,0,0,0,0,0,0,0,0,0,0,0,0,0,0,0,0,0,0,0,0,0,0,0,0,0,0,0,0,0,0,0,0,0,0,0,0,0,0,0,0,0,0,0,0,0
56,6,285,10.019618034362793,55,1,1,1,1,1,1,1,22,1,17,1,3,1,7,1,1,1,18,1,1,1,19,1,5,1,8,1,1,1,26,1,4,1,10,1,15,1,1,1,13,1,7,1,21,1,9,1,5,1,1,1,21,1,16,1,0,0,0,0,0,0,0,0,0,0,0,0,0,0,0,0,0,0,0,0,0,0,0,0,0,0,0,0,0,0,0,0,0,0,0,0,0,0,0,0,0,0,0,0,0,0,0,0,0,0,0,0,0,0,0,0,0,0,0,0,0,0,0,0,0,0,0,0,0,0,0,0,0,0,0,0,0,0,0,0,0,0,0,0,0,0,0,0,0,0,0,0,0,0,0,0,0,0,0,0,0,0,0,0,0,0,0,0,0,0,0,0,0,0,0,0,0,0,0,0,0,0,0,0,0,0,0,0,0,0,0,0,0,0,0,0,0,0,0,0,0,0,0,0,0,0,0,0
57,60,536,19.914050102233887,104,1,1,1,1,1,1,1,21,1,14,1,5,1,4,1,1,1,24,1,4,1,13,1,2,1,1,1,22,1,5,1,6,1,1,1,21,1,16,1,3,1,4,1,1,1,23,1,7,1,4,2,2,1,22,1,17,1,3,1,16,2,2,1,20,1,4,1,20,1,17,1,2,2,1,1,22,1,8,1,1,1,10,1,13,1,21,1,6,1,1,1,1,1,19,1,1,1,21,2,21,1,2,1,1,0,0,0,0,0,0,0,0,0,0,0,0,0,0,0,0,0,0,0,0,0,0,0,0,0,0,0,0,0,0,0,0,0,0,0,0,0,0,0,0,0,0,0,0,0,0,0,0,0,0,0,0,0,0,0,0,0,0,0,0,0,0,0,0,0,0,0,0,0,0,0,0,0,0,0,0,0,0,0,0,0,0,0,0,0,0,0,0,0,0,0,0,0,0,0,0,0,0,0
58,61,415,18.24516010284424,85,1,1,1,2,1,1,1,23,1,14,2,1,1,21,1,11,1,1,1,11,1,12,1,7,1,1,1,21,1,1,1,3,1,1,1,22,1,16,1,3,1,1,1,1,1,8,1,1,1,19,1,1,1,13,1,9,1,2,1,1,1,23,1,15,1,6,1,8,1,1,1,22,1,18,1,1,1,18,1,1,1,5,1,19,1,0,0,0,0,0,0,0,0,0,0,0,0,0,0,0,0,0,0,0,0,0,0,0,0,0,0,0,0,0,0,0,0,0,0,0,0,0,0,0,0,0,0,0,0,0,0,0,0,0,0,0,0,0,0,0,0,0,0,0,0,0,0,0,0,0,0,0,0,0,0,0,0,0,0,0,0,0,0,0,0,0,0,0,0,0,0,0,0,0,0,0,0,0,0,0,0,0,0,0,0,0,0,0,0,0,0,0,0,0,0,0,0,0,0,0,0,0,0
59,62,499,18.18128991127014,99,1,1,1,1,1,1,1,19,1,3,1,22,1,7,2,2,1,6,1,16,2,1,1,23,1,3,1,19,1,1,1,1,1,6,1,1,1,17,1,6,1,22,1,10,1,6,1,6,1,1,1,26,1,9,1,8,1,19,1,3,1,1,1,11,1,9,1,19,1,1,1,10,1,10,1,1,1,22,1,10,1,11,1,17,1,1,1,17,1,7,1,17,1,9,1,4,1,1,1,0,0,0,0,0,0,0,0,0,0,0,0,0,0,0,0,0,0,0,0,0,0,0,0,0,0,0,0,0,0,0,0,0,0,0,0,0,0,0,0,0,0,0,0,0,0,0,0,0,0,0,0,0,0,0,0,0,0,0,0,0,0,0,0,0,0,0,0,0,0,0,0,0,0,0,0,0,0,0,0,0,0,0,0,0,0,0,0,0,0,0,0,0,0,0,0,0,0,0,0,0,0,0,0
60,63,352,13.065149068832397,66,1,1,1,1,1,1,1,23,1,1,1,17,1,1,1,21,1,6,1,15,1,5,1,1,1,18,1,5,1,19,1,16,2,1,1,23,1,17,1,1,1,15,1,1,1,18,1,1,1,9,1,12,1,19,1,9,1,9,1,1,1,22,1,7,1,1,0,0,0,0,0,0,0,0,0,0,0,0,0,0,0,0,0,0,0,0,0,0,0,0,0,0,0,0,0,0,0,0,0,0,0,0,0,0,0,0,0,0,0,0,0,0,0,0,0,0,0,0,0,0,0,0,0,0,0,0,0,0,0,0,0,0,0,0,0,0,0,0,0,0,0,0,0,0,0,0,0,0,0,0,0,0,0,0,0,0,0,0,0,0,0,0,0,0,0,0,0,0,0,0,0,0,0,0,0,0,0,0,0,0,0,0,0,0,0,0,0,0,0,0,0,0,0,0,0,0,0,0,0,0,0,0,0
61,64,708,23.220499992370605,136,1,1,1,1,1,1,1,22,1,18,1,1,1,11,1,1,1,22,1,3,1,6,1,1,1,23,1,14,1,1,1,1,1,25,1,16,1,6,2,1,1,1,1,3,1,1,1,1,1,22,1,13,1,9,1,6,1,1,1,22,1,1,1,8,1,1,1,21,1,3,1,1,1,15,1,9,1,18,1,9,1,8,2,2,1,23,1,8,1,1,1,3,1,19,1,21,1,3,1,10,1,1,1,21,1,7,1,2,1,1,1,22,1,21,1,15,1,1,1,26,1,16,1,13,2,2,1,10,1,12,1,22,1,5,1,1,0,0,0,0,0,0,0,0,0,0,0,0,0,0,0,0,0,0,0,0,0,0,0,0,0,0,0,0,0,0,0,0,0,0,0,0,0,0,0,0,0,0,0,0,0,0,0,0,0,0,0,0,0,0,0,0,0,0,0,0,0,0,0,0,0,0,0
62,65,359,14.986070156097412,78,1,1,1,2,1,1,1,7,1,16,1,22,1,2,1,10,1,1,1,24,1,3,1,1,1,6,1,7,1,1,1,23,1,4,1,1,1,14,1,8,1,21,1,11,1,3,1,1,1,2,1,1,1,21,1,13,1,4,1,1,1,23,1,12,1,2,1,1,1,22,1,17,1,1,1,8,1,1,0,0,0,0,0,0,0,0,0,0,0,0,0,0,0,0,0,0,0,0,0,0,0,0,0,0,0,0,0,0,0,0,0,0,0,0,0,0,0,0,0,0,0,0,0,0,0,0,0,0,0,0,0,0,0,0,0,0,0,0,0,0,0,0,0,0,0,0,0,0,0,0,0,0,0,0,0,0,0,0,0,0,0,0,0,0,0,0,0,0,0,0,0,0,0,0,0,0,0,0,0,0,0,0,0,0,0,0,0,0,0,0,0,0,0,0,0,0,0,0,0,0,0,0,0
63,66,542,17.206419229507446,109,1,1,1,2,1,1,1,16,1,1,1,6,1,15,1,23,1,2,1,16,1,1,1,1,1,22,1,3,1,13,1,1,1,21,1,8,1,16,1,1,1,1,1,24,1,16,1,12,1,1,1,12,1,10,1,22,1,7,1,5,1,1,1,22,1,5,1,1,1,12,1,9,1,20,1,6,1,1,1,3,1,21,1,19,1,4,1,8,1,1,1,23,1,8,1,12,1,13,1,1,2,1,1,3,1,1,1,4,1,0,0,0,0,0,0,0,0,0,0,0,0,0,0,0,0,0,0,0,0,0,0,0,0,0,0,0,0,0,0,0,0,0,0,0,0,0,0,0,0,0,0,0,0,0,0,0,0,0,0,0,0,0,0,0,0,0,0,0,0,0,0,0,0,0,0,0,0,0,0,0,0,0,0,0,0,0,0,0,0,0,0,0,0,0,0,0,0,0,0,0,0,0,0
64,67,304,12.704761981964111,64,1,1,1,1,1,1,1,7,1,15,2,1,1,21,1,7,1,15,1,14,1,1,1,13,1,9,1,21,1,8,1,2,1,1,1,1,2,2,1,8,1,1,1,23,1,10,1,11,1,12,1,2,1,16,1,4,1,21,1,15,1,3,2,1,0,0,0,0,0,0,0,0,0,0,0,0,0,0,0,0,0,0,0,0,0,0,0,0,0,0,0,0,0,0,0,0,0,0,0,0,0,0,0,0,0,0,0,0,0,0,0,0,0,0,0,0,0,0,0,0,0,0,0,0,0,0,0,0,0,0,0,0,0,0,0,0,0,0,0,0,0,0,0,0,0,0,0,0,0,0,0,0,0,0,0,0,0,0,0,0,0,0,0,0,0,0,0,0,0,0,0,0,0,0,0,0,0,0,0,0,0,0,0,0,0,0,0,0,0,0,0,0,0,0,0,0,0,0,0,0,0,0,0
65,68,261,8.558793783187866,52,1,1,1,1,1,1,1,15,1,6,1,21,1,8,1,9,1,3,1,1,1,23,1,5,1,13,1,18,2,1,1,10,1,15,1,11,1,1,1,20,1,3,1,20,1,12,2,1,1,12,1,1,0,0,0,0,0,0,0,0,0,0,0,0,0,0,0,0,0,0,0,0,0,0,0,0,0,0,0,0,0,0,0,0,0,0,0,0,0,0,0,0,0,0,0,0,0,0,0,0,0,0,0,0,0,0,0,0,0,0,0,0,0,0,0,0,0,0,0,0,0,0,0,0,0,0,0,0,0,0,0,0,0,0,0,0,0,0,0,0,0,0,0,0,0,0,0,0,0,0,0,0,0,0,0,0,0,0,0,0,0,0,0,0,0,0,0,0,0,0,0,0,0,0,0,0,0,0,0,0,0,0,0,0,0,0,0,0,0,0,0,0,0,0,0,0,0,0,0,0,0,0,0
66,69,396,18.863196849822998,84,1,1,1,2,1,1,1,6,2,2,1,22,1,14,1,8,1,1,1,1,1,11,1,1,1,22,1,5,1,1,1,11,1,1,1,21,1,6,1,17,1,16,1,4,2,1,1,23,1,20,1,3,1,1,1,27,1,13,1,3,2,1,1,21,1,1,1,1,1,19,1,5,1,15,1,1,1,7,1,1,1,12,1,1,0,0,0,0,0,0,0,0,0,0,0,0,0,0,0,0,0,0,0,0,0,0,0,0,0,0,0,0,0,0,0,0,0,0,0,0,0,0,0,0,0,0,0,0,0,0,0,0,0,0,0,0,0,0,0,0,0,0,0,0,0,0,0,0,0,0,0,0,0,0,0,0,0,0,0,0,0,0,0,0,0,0,0,0,0,0,0,0,0,0,0,0,0,0,0,0,0,0,0,0,0,0,0,0,0,0,0,0,0,0,0,0,0,0,0,0,0,0,0
67,7,326,14.136204957962036,73,1,1,1,2,1,1,1,12,1,1,1,21,1,3,1,22,1,14,1,1,1,7,1,16,1,13,1,1,1,14,1,6,1,6,1,1,1,23,1,5,1,1,1,1,1,21,1,10,1,1,1,5,1,1,1,3,1,19,1,6,1,1,1,18,1,3,1,18,1,4,1,1,1,0,0,0,0,0,0,0,0,0,0,0,0,0,0,0,0,0,0,0,0,0,0,0,0,0,0,0,0,0,0,0,0,0,0,0,0,0,0,0,0,0,0,0,0,0,0,0,0,0,0,0,0,0,0,0,0,0,0,0,0,0,0,0,0,0,0,0,0,0,0,0,0,0,0,0,0,0,0,0,0,0,0,0,0,0,0,0,0,0,0,0,0,0,0,0,0,0,0,0,0,0,0,0,0,0,0,0,0,0,0,0,0,0,0,0,0,0,0,0,0,0,0,0,0,0,0,0,0,0,0
68,70,484,18.196150064468384,90,1,1,1,1,2,2,1,23,2,1,1,6,1,17,1,20,1,2,1,6,1,1,1,22,1,14,2,1,1,20,1,1,1,24,1,1,1,1,1,22,1,20,1,6,1,6,1,1,1,24,1,4,2,1,1,8,1,1,1,14,1,1,1,25,1,21,1,12,1,1,1,6,1,18,1,16,1,1,1,6,1,15,1,22,1,13,1,4,1,2,0,0,0,0,0,0,0,0,0,0,0,0,0,0,0,0,0,0,0,0,0,0,0,0,0,0,0,0,0,0,0,0,0,0,0,0,0,0,0,0,0,0,0,0,0,0,0,0,0,0,0,0,0,0,0,0,0,0,0,0,0,0,0,0,0,0,0,0,0,0,0,0,0,0,0,0,0,0,0,0,0,0,0,0,0,0,0,0,0,0,0,0,0,0,0,0,0,0,0,0,0,0,0,0,0,0,0,0,0,0,0,0,0
69,71,377,14.027914047241211,75,1,1,1,1,1,1,1,22,1,3,1,2,1,1,1,21,1,21,1,3,1,6,1,1,1,22,1,6,1,15,1,13,1,1,1,13,1,10,1,17,1,12,2,1,1,22,1,9,1,1,1,15,1,8,1,19,1,2,1,1,1,10,2,1,1,23,1,19,1,8,1,2,1,1,1,0,0,0,0,0,0,0,0,0,0,0,0,0,0,0,0,0,0,0,0,0,0,0,0,0,0,0,0,0,0,0,0,0,0,0,0,0,0,0,0,0,0,0,0,0,0,0,0,0,0,0,0,0,0,0,0,0,0,0,0,0,0,0,0,0,0,0,0,0,0,0,0,0,0,0,0,0,0,0,0,0,0,0,0,0,0,0,0,0,0,0,0,0,0,0,0,0,0,0,0,0,0,0,0,0,0,0,0,0,0,0,0,0,0,0,0,0,0,0,0,0,0,0,0,0,0,0,0
70,72,117,7.900294780731201,42,1,1,1,1,1,1,1,6,2,3,1,2,2,1,1,1,1,3,1,1,1,1,1,1,1,9,1,1,1,11,1,13,1,5,1,1,1,24,1,6,1,1,0,0,0,0,0,0,0,0,0,0,0,0,0,0,0,0,0,0,0,0,0,0,0,0,0,0,0,0,0,0,0,0,0,0,0,0,0,0,0,0,0,0,0,0,0,0,0,0,0,0,0,0,0,0,0,0,0,0,0,0,0,0,0,0,0,0,0,0,0,0,0,0,0,0,0,0,0,0,0,0,0,0,0,0,0,0,0,0,0,0,0,0,0,0,0,0,0,0,0,0,0,0,0,0,0,0,0,0,0,0,0,0,0,0,0,0,0,0,0,0,0,0,0,0,0,0,0,0,0,0,0,0,0,0,0,0,0,0,0,0,0,0,0,0,0,0,0,0,0,0,0,0,0,0,0,0,0,0,0,0,0
71,73,506,21.315886974334717,104,1,1,1,2,1,1,1,19,1,1,1,15,1,7,1,22,1,6,1,1,1,3,1,20,1,1,1,1,1,14,1,1,1,10,1,12,1,13,1,1,1,19,1,3,1,6,1,1,1,6,1,1,1,22,1,3,1,17,1,15,1,1,1,16,1,10,1,16,1,12,1,5,1,1,1,22,1,9,1,1,1,6,1,17,1,3,1,1,1,24,1,17,1,18,1,1,1,3,1,21,1,4,1,1,0,0,0,0,0,0,0,0,0,0,0,0,0,0,0,0,0,0,0,0,0,0,0,0,0,0,0,0,0,0,0,0,0,0,0,0,0,0,0,0,0,0,0,0,0,0,0,0,0,0,0,0,0,0,0,0,0,0,0,0,0,0,0,0,0,0,0,0,0,0,0,0,0,0,0,0,0,0,0,0,0,0,0,0,0,0,0,0,0,0,0,0,0,0,0,0,0,0,0
72,74,453,20.286941051483154,93,1,1,1,1,1,1,1,18,1,4,1,21,1,5,1,1,1,8,1,2,1,2,1,22,1,1,1,1,1,18,1,1,1,1,1,23,3,2,1,18,1,3,1,27,1,10,2,1,1,8,1,1,1,21,1,16,1,8,1,1,1,1,1,19,1,1,1,16,1,6,1,6,1,1,1,24,1,2,1,2,1,1,1,19,1,1,1,22,1,3,1,19,1,0,0,0,0,0,0,0,0,0,0,0,0,0,0,0,0,0,0,0,0,0,0,0,0,0,0,0,0,0,0,0,0,0,0,0,0,0,0,0,0,0,0,0,0,0,0,0,0,0,0,0,0,0,0,0,0,0,0,0,0,0,0,0,0,0,0,0,0,0,0,0,0,0,0,0,0,0,0,0,0,0,0,0,0,0,0,0,0,0,0,0,0,0,0,0,0,0,0,0,0,0,0,0,0,0,0,0,0,0,0
73,75,480,17.18691396713257,95,1,1,1,2,1,1,1,6,1,16,1,19,1,6,1,13,1,3,1,1,1,23,1,3,1,3,1,1,1,22,1,16,1,5,1,18,3,2,1,16,1,11,1,15,1,11,1,1,1,3,1,18,1,19,1,6,1,8,2,2,1,21,1,11,1,9,1,5,1,1,1,21,2,1,1,5,1,1,1,3,1,19,1,17,1,1,1,6,1,7,1,1,1,22,1,0,0,0,0,0,0,0,0,0,0,0,0,0,0,0,0,0,0,0,0,0,0,0,0,0,0,0,0,0,0,0,0,0,0,0,0,0,0,0,0,0,0,0,0,0,0,0,0,0,0,0,0,0,0,0,0,0,0,0,0,0,0,0,0,0,0,0,0,0,0,0,0,0,0,0,0,0,0,0,0,0,0,0,0,0,0,0,0,0,0,0,0,0,0,0,0,0,0,0,0,0,0,0,0,0,0,0,0
74,76,128,5.325143098831177,30,1,1,1,1,1,1,1,16,1,8,1,16,1,2,1,1,1,13,1,10,1,4,1,1,1,22,1,7,1,9,0,0,0,0,0,0,0,0,0,0,0,0,0,0,0,0,0,0,0,0,0,0,0,0,0,0,0,0,0,0,0,0,0,0,0,0,0,0,0,0,0,0,0,0,0,0,0,0,0,0,0,0,0,0,0,0,0,0,0,0,0,0,0,0,0,0,0,0,0,0,0,0,0,0,0,0,0,0,0,0,0,0,0,0,0,0,0,0,0,0,0,0,0,0,0,0,0,0,0,0,0,0,0,0,0,0,0,0,0,0,0,0,0,0,0,0,0,0,0,0,0,0,0,0,0,0,0,0,0,0,0,0,0,0,0,0,0,0,0,0,0,0,0,0,0,0,0,0,0,0,0,0,0,0,0,0,0,0,0,0,0,0,0,0,0,0,0,0,0,0,0,0,0
75,77,585,22.354119062423706,119,1,1,1,1,2,2,1,23,1,17,1,3,1,8,1,1,1,22,1,6,1,15,1,4,1,1,1,21,2,20,1,11,1,1,1,10,1,14,1,2,1,1,1,24,1,3,1,16,1,13,1,1,1,10,1,1,1,1,1,25,1,16,1,3,1,11,1,1,1,13,1,1,1,7,1,1,1,14,1,3,1,1,1,21,1,17,2,1,1,22,1,19,1,7,1,1,1,21,1,14,1,5,1,4,1,2,2,1,1,3,1,4,1,5,1,15,1,7,1,0,0,0,0,0,0,0,0,0,0,0,0,0,0,0,0,0,0,0,0,0,0,0,0,0,0,0,0,0,0,0,0,0,0,0,0,0,0,0,0,0,0,0,0,0,0,0,0,0,0,0,0,0,0,0,0,0,0,0,0,0,0,0,0,0,0,0,0,0,0,0,0,0,0,0,0,0,0,0,0,0,0,0,0
76,78,354,16.163103818893433,73,1,1,1,2,1,1,1,6,1,1,1,6,1,14,1,20,1,4,1,6,1,1,1,21,1,15,1,1,1,1,1,23,1,14,1,5,1,20,1,3,1,1,1,16,1,6,1,10,1,1,1,20,1,1,1,6,1,16,1,22,1,5,1,9,2,2,1,24,2,1,1,7,1,0,0,0,0,0,0,0,0,0,0,0,0,0,0,0,0,0,0,0,0,0,0,0,0,0,0,0,0,0,0,0,0,0,0,0,0,0,0,0,0,0,0,0,0,0,0,0,0,0,0,0,0,0,0,0,0,0,0,0,0,0,0,0,0,0,0,0,0,0,0,0,0,0,0,0,0,0,0,0,0,0,0,0,0,0,0,0,0,0,0,0,0,0,0,0,0,0,0,0,0,0,0,0,0,0,0,0,0,0,0,0,0,0,0,0,0,0,0,0,0,0,0,0,0,0,0,0,0,0,0
77,79,295,14.025388956069946,68,1,1,1,2,1,1,1,20,2,1,1,3,1,1,1,1,1,7,1,13,1,3,1,18,1,1,1,19,1,6,1,15,1,11,1,1,1,6,1,2,1,1,1,20,1,14,1,1,1,7,1,15,1,5,1,1,1,21,1,6,1,1,1,23,1,11,1,1,0,0,0,0,0,0,0,0,0,0,0,0,0,0,0,0,0,0,0,0,0,0,0,0,0,0,0,0,0,0,0,0,0,0,0,0,0,0,0,0,0,0,0,0,0,0,0,0,0,0,0,0,0,0,0,0,0,0,0,0,0,0,0,0,0,0,0,0,0,0,0,0,0,0,0,0,0,0,0,0,0,0,0,0,0,0,0,0,0,0,0,0,0,0,0,0,0,0,0,0,0,0,0,0,0,0,0,0,0,0,0,0,0,0,0,0,0,0,0,0,0,0,0,0,0,0,0,0,0,0,0,0,0,0,0
78,8,466,18.22631001472473,95,1,1,1,3,1,1,1,18,1,5,1,6,1,1,1,18,1,1,1,14,1,8,1,19,1,9,1,4,1,1,1,5,1,1,1,13,2,2,1,23,1,4,1,16,1,4,2,2,1,20,1,1,1,6,1,1,1,22,1,9,1,10,1,19,2,1,1,9,1,1,1,3,1,18,1,18,1,4,1,4,1,1,1,20,1,17,1,5,1,12,1,1,1,20,2,0,0,0,0,0,0,0,0,0,0,0,0,0,0,0,0,0,0,0,0,0,0,0,0,0,0,0,0,0,0,0,0,0,0,0,0,0,0,0,0,0,0,0,0,0,0,0,0,0,0,0,0,0,0,0,0,0,0,0,0,0,0,0,0,0,0,0,0,0,0,0,0,0,0,0,0,0,0,0,0,0,0,0,0,0,0,0,0,0,0,0,0,0,0,0,0,0,0,0,0,0,0,0,0,0,0,0,0
79,80,415,14.990819931030273,78,1,1,1,1,1,1,1,23,1,15,1,7,1,16,2,1,1,17,1,5,1,20,1,11,1,3,1,1,1,23,1,16,1,2,1,1,1,20,2,1,1,23,1,23,1,7,1,1,1,14,1,7,1,24,1,6,1,9,3,2,1,22,1,8,1,10,1,8,1,1,1,16,1,1,1,3,1,1,0,0,0,0,0,0,0,0,0,0,0,0,0,0,0,0,0,0,0,0,0,0,0,0,0,0,0,0,0,0,0,0,0,0,0,0,0,0,0,0,0,0,0,0,0,0,0,0,0,0,0,0,0,0,0,0,0,0,0,0,0,0,0,0,0,0,0,0,0,0,0,0,0,0,0,0,0,0,0,0,0,0,0,0,0,0,0,0,0,0,0,0,0,0,0,0,0,0,0,0,0,0,0,0,0,0,0,0,0,0,0,0,0,0,0,0,0,0,0,0,0,0,0,0,0
80,81,388,14.712414026260376,82,1,1,1,2,1,1,1,21,2,1,1,12,1,9,2,1,1,21,1,11,1,9,1,21,1,3,1,1,1,10,1,4,1,1,2,2,1,10,1,9,1,4,1,1,1,1,1,20,1,3,1,19,1,17,1,3,1,1,1,25,1,16,1,18,1,3,1,1,1,18,1,4,1,21,1,12,1,1,1,3,1,2,0,0,0,0,0,0,0,0,0,0,0,0,0,0,0,0,0,0,0,0,0,0,0,0,0,0,0,0,0,0,0,0,0,0,0,0,0,0,0,0,0,0,0,0,0,0,0,0,0,0,0,0,0,0,0,0,0,0,0,0,0,0,0,0,0,0,0,0,0,0,0,0,0,0,0,0,0,0,0,0,0,0,0,0,0,0,0,0,0,0,0,0,0,0,0,0,0,0,0,0,0,0,0,0,0,0,0,0,0,0,0,0,0,0,0,0,0,0,0,0,0
81,82,756,8.87524700164795,150,1,1,1,1,1,1,1,22,1,7,1,9,1,12,1,1,1,15,1,6,1,17,1,14,1,5,1,3,2,2,1,21,1,6,1,6,1,1,1,16,1,2,1,7,1,1,1,14,1,7,1,17,2,1,1,14,1,7,1,7,1,1,1,21,1,2,1,18,1,17,2,1,1,7,1,14,1,17,1,3,1,5,1,1,1,21,1,10,1,1,1,6,1,14,1,21,1,1,1,1,1,4,1,18,1,19,1,3,1,14,2,1,1,22,1,13,1,1,1,22,1,5,1,13,1,9,1,1,1,15,1,5,1,19,1,12,1,5,1,1,1,22,1,17,1,2,1,7,1,1,0,0,0,0,0,0,0,0,0,0,0,0,0,0,0,0,0,0,0,0,0,0,0,0,0,0,0,0,0,0,0,0,0,0,0,0,0,0,0,0,0,0,0,0,0,0,0,0,0,0,0,0,0
82,83,427,5.973629951477051,107,2,1,2,1,1,1,1,7,1,1,1,1,1,1,1,1,2,1,1,6,1,16,1,16,1,2,1,3,1,3,1,1,1,21,1,3,2,1,1,1,1,1,1,15,1,7,1,17,1,15,1,4,1,1,1,1,1,23,1,6,1,12,1,5,1,1,1,22,1,1,1,17,1,6,1,1,1,17,1,5,1,17,1,6,1,1,1,10,1,13,1,20,1,6,1,6,1,1,1,9,1,1,1,5,1,1,1,0,0,0,0,0,0,0,0,0,0,0,0,0,0,0,0,0,0,0,0,0,0,0,0,0,0,0,0,0,0,0,0,0,0,0,0,0,0,0,0,0,0,0,0,0,0,0,0,0,0,0,0,0,0,0,0,0,0,0,0,0,0,0,0,0,0,0,0,0,0,0,0,0,0,0,0,0,0,0,0,0,0,0,0,0,0,0,0,0,0,0,0,0,0,0,0
83,84,633,14.012194871902466,112,1,1,1,2,1,1,1,16,1,7,1,20,2,1,1,16,1,2,1,1,1,23,1,14,2,1,1,23,1,7,1,1,1,18,1,4,1,9,1,1,1,28,2,16,1,21,1,2,1,1,1,3,1,19,1,20,1,20,2,1,1,22,1,15,1,1,1,23,2,1,1,4,1,19,1,18,1,3,1,14,1,1,1,22,1,1,1,18,1,2,1,1,1,23,1,19,1,16,1,1,2,1,1,2,1,1,1,22,1,19,2,1,0,0,0,0,0,0,0,0,0,0,0,0,0,0,0,0,0,0,0,0,0,0,0,0,0,0,0,0,0,0,0,0,0,0,0,0,0,0,0,0,0,0,0,0,0,0,0,0,0,0,0,0,0,0,0,0,0,0,0,0,0,0,0,0,0,0,0,0,0,0,0,0,0,0,0,0,0,0,0,0,0,0,0,0,0,0,0,0,0,0,0
84,85,79,1.6873300075531006,18,1,1,1,1,1,1,1,21,1,4,1,14,1,9,1,1,1,16,0,0,0,0,0,0,0,0,0,0,0,0,0,0,0,0,0,0,0,0,0,0,0,0,0,0,0,0,0,0,0,0,0,0,0,0,0,0,0,0,0,0,0,0,0,0,0,0,0,0,0,0,0,0,0,0,0,0,0,0,0,0,0,0,0,0,0,0,0,0,0,0,0,0,0,0,0,0,0,0,0,0,0,0,0,0,0,0,0,0,0,0,0,0,0,0,0,0,0,0,0,0,0,0,0,0,0,0,0,0,0,0,0,0,0,0,0,0,0,0,0,0,0,0,0,0,0,0,0,0,0,0,0,0,0,0,0,0,0,0,0,0,0,0,0,0,0,0,0,0,0,0,0,0,0,0,0,0,0,0,0,0,0,0,0,0,0,0,0,0,0,0,0,0,0,0,0,0,0,0,0,0,0,0,0
85,86,407,5.847991943359375,86,1,1,1,2,1,2,1,11,1,1,1,14,1,7,1,5,1,1,1,22,1,7,1,10,3,2,1,20,1,7,1,12,1,2,1,1,1,20,1,3,1,18,1,14,1,1,1,8,1,16,1,16,1,4,1,1,1,3,1,19,1,19,1,1,2,1,1,11,1,1,1,21,1,9,1,10,1,8,1,1,1,20,1,7,1,1,0,0,0,0,0,0,0,0,0,0,0,0,0,0,0,0,0,0,0,0,0,0,0,0,0,0,0,0,0,0,0,0,0,0,0,0,0,0,0,0,0,0,0,0,0,0,0,0,0,0,0,0,0,0,0,0,0,0,0,0,0,0,0,0,0,0,0,0,0,0,0,0,0,0,0,0,0,0,0,0,0,0,0,0,0,0,0,0,0,0,0,0,0,0,0,0,0,0,0,0,0,0,0,0,0,0,0,0,0,0,0,0,0,0,0,0,0
86,87,366,6.970951080322266,74,1,1,1,1,1,1,1,24,1,18,1,7,1,1,1,15,1,5,2,1,1,22,1,15,1,7,1,15,1,1,1,20,1,6,1,3,1,1,1,21,1,10,1,3,1,1,1,23,1,17,1,8,1,1,1,1,1,27,1,4,1,10,1,2,1,1,1,23,1,5,1,5,1,1,0,0,0,0,0,0,0,0,0,0,0,0,0,0,0,0,0,0,0,0,0,0,0,0,0,0,0,0,0,0,0,0,0,0,0,0,0,0,0,0,0,0,0,0,0,0,0,0,0,0,0,0,0,0,0,0,0,0,0,0,0,0,0,0,0,0,0,0,0,0,0,0,0,0,0,0,0,0,0,0,0,0,0,0,0,0,0,0,0,0,0,0,0,0,0,0,0,0,0,0,0,0,0,0,0,0,0,0,0,0,0,0,0,0,0,0,0,0,0,0,0,0,0,0,0,0,0,0,0
87,88,512,11.765767097473145,101,1,1,1,2,1,1,1,6,1,1,1,20,1,5,1,15,1,4,1,1,1,17,1,3,2,1,1,21,1,14,1,6,1,7,2,2,1,19,1,1,1,12,2,1,1,21,1,19,1,19,2,1,1,16,1,1,1,3,1,21,1,10,1,1,1,13,1,7,2,1,1,9,1,1,1,21,3,2,1,3,1,21,1,19,1,9,1,1,1,21,1,11,1,6,1,17,1,1,1,12,1,0,0,0,0,0,0,0,0,0,0,0,0,0,0,0,0,0,0,0,0,0,0,0,0,0,0,0,0,0,0,0,0,0,0,0,0,0,0,0,0,0,0,0,0,0,0,0,0,0,0,0,0,0,0,0,0,0,0,0,0,0,0,0,0,0,0,0,0,0,0,0,0,0,0,0,0,0,0,0,0,0,0,0,0,0,0,0,0,0,0,0,0,0,0,0,0,0,0,0,0,0,0
88,89,170,3.830993175506592,38,1,1,1,2,1,1,1,21,1,13,1,3,1,1,1,20,1,1,1,10,1,1,1,9,1,4,1,1,1,23,1,15,1,4,1,19,1,1,0,0,0,0,0,0,0,0,0,0,0,0,0,0,0,0,0,0,0,0,0,0,0,0,0,0,0,0,0,0,0,0,0,0,0,0,0,0,0,0,0,0,0,0,0,0,0,0,0,0,0,0,0,0,0,0,0,0,0,0,0,0,0,0,0,0,0,0,0,0,0,0,0,0,0,0,0,0,0,0,0,0,0,0,0,0,0,0,0,0,0,0,0,0,0,0,0,0,0,0,0,0,0,0,0,0,0,0,0,0,0,0,0,0,0,0,0,0,0,0,0,0,0,0,0,0,0,0,0,0,0,0,0,0,0,0,0,0,0,0,0,0,0,0,0,0,0,0,0,0,0,0,0,0,0,0,0,0,0,0,0,0,0,0,0
89,9,322,12.010601997375488,65,1,1,1,1,1,1,1,4,1,18,2,2,1,10,1,1,1,20,1,2,1,18,1,17,1,4,1,4,1,1,1,23,1,7,1,1,1,6,1,15,1,17,2,1,1,6,1,16,1,19,1,1,1,6,1,1,1,15,1,1,1,25,1,18,1,0,0,0,0,0,0,0,0,0,0,0,0,0,0,0,0,0,0,0,0,0,0,0,0,0,0,0,0,0,0,0,0,0,0,0,0,0,0,0,0,0,0,0,0,0,0,0,0,0,0,0,0,0,0,0,0,0,0,0,0,0,0,0,0,0,0,0,0,0,0,0,0,0,0,0,0,0,0,0,0,0,0,0,0,0,0,0,0,0,0,0,0,0,0,0,0,0,0,0,0,0,0,0,0,0,0,0,0,0,0,0,0,0,0,0,0,0,0,0,0,0,0,0,0,0,0,0,0,0,0,0,0,0,0,0,0,0,0
90,90,137,2.8715100288391113,32,1,1,1,1,1,1,1,20,1,11,1,9,1,18,1,3,1,1,1,10,1,14,1,18,1,5,2,1,1,5,1,1,0,0,0,0,0,0,0,0,0,0,0,0,0,0,0,0,0,0,0,0,0,0,0,0,0,0,0,0,0,0,0,0,0,0,0,0,0,0,0,0,0,0,0,0,0,0,0,0,0,0,0,0,0,0,0,0,0,0,0,0,0,0,0,0,0,0,0,0,0,0,0,0,0,0,0,0,0,0,0,0,0,0,0,0,0,0,0,0,0,0,0,0,0,0,0,0,0,0,0,0,0,0,0,0,0,0,0,0,0,0,0,0,0,0,0,0,0,0,0,0,0,0,0,0,0,0,0,0,0,0,0,0,0,0,0,0,0,0,0,0,0,0,0,0,0,0,0,0,0,0,0,0,0,0,0,0,0,0,0,0,0,0,0,0,0,0,0,0,0,0,0
91,91,180,3.8936920166015625,46,1,1,1,1,1,1,1,12,1,8,1,8,1,1,1,24,1,15,1,14,1,1,1,5,1,1,1,7,1,1,1,1,1,5,1,1,1,17,1,1,1,18,1,2,1,11,0,0,0,0,0,0,0,0,0,0,0,0,0,0,0,0,0,0,0,0,0,0,0,0,0,0,0,0,0,0,0,0,0,0,0,0,0,0,0,0,0,0,0,0,0,0,0,0,0,0,0,0,0,0,0,0,0,0,0,0,0,0,0,0,0,0,0,0,0,0,0,0,0,0,0,0,0,0,0,0,0,0,0,0,0,0,0,0,0,0,0,0,0,0,0,0,0,0,0,0,0,0,0,0,0,0,0,0,0,0,0,0,0,0,0,0,0,0,0,0,0,0,0,0,0,0,0,0,0,0,0,0,0,0,0,0,0,0,0,0,0,0,0,0,0,0,0,0,0,0,0,0,0,0,0,0,0
92,92,345,5.878010988235474,78,1,1,1,1,1,1,1,11,1,1,1,8,1,13,1,18,1,5,1,12,1,3,1,1,1,22,1,4,1,12,1,20,1,3,1,1,1,1,1,23,1,6,1,1,1,10,1,2,1,1,1,21,1,10,1,1,1,2,1,1,1,6,1,16,1,14,1,1,1,12,1,9,1,18,1,9,1,4,0,0,0,0,0,0,0,0,0,0,0,0,0,0,0,0,0,0,0,0,0,0,0,0,0,0,0,0,0,0,0,0,0,0,0,0,0,0,0,0,0,0,0,0,0,0,0,0,0,0,0,0,0,0,0,0,0,0,0,0,0,0,0,0,0,0,0,0,0,0,0,0,0,0,0,0,0,0,0,0,0,0,0,0,0,0,0,0,0,0,0,0,0,0,0,0,0,0,0,0,0,0,0,0,0,0,0,0,0,0,0,0,0,0,0,0,0,0,0,0,0,0,0,0,0
93,93,161,2.6973068714141846,40,1,1,1,1,1,1,1,8,1,12,1,18,1,4,1,3,1,1,1,22,1,12,1,1,1,3,1,19,1,2,1,1,1,12,1,1,1,8,1,10,0,0,0,0,0,0,0,0,0,0,0,0,0,0,0,0,0,0,0,0,0,0,0,0,0,0,0,0,0,0,0,0,0,0,0,0,0,0,0,0,0,0,0,0,0,0,0,0,0,0,0,0,0,0,0,0,0,0,0,0,0,0,0,0,0,0,0,0,0,0,0,0,0,0,0,0,0,0,0,0,0,0,0,0,0,0,0,0,0,0,0,0,0,0,0,0,0,0,0,0,0,0,0,0,0,0,0,0,0,0,0,0,0,0,0,0,0,0,0,0,0,0,0,0,0,0,0,0,0,0,0,0,0,0,0,0,0,0,0,0,0,0,0,0,0,0,0,0,0,0,0,0,0,0,0,0,0,0,0,0,0,0,0
94,94,266,4.815119981765747,54,1,1,1,2,1,1,1,17,1,5,1,16,1,15,1,5,2,1,1,21,1,12,1,8,1,18,2,1,1,15,1,7,1,11,1,1,1,20,1,2,1,15,1,1,1,16,1,1,1,13,1,8,1,3,0,0,0,0,0,0,0,0,0,0,0,0,0,0,0,0,0,0,0,0,0,0,0,0,0,0,0,0,0,0,0,0,0,0,0,0,0,0,0,0,0,0,0,0,0,0,0,0,0,0,0,0,0,0,0,0,0,0,0,0,0,0,0,0,0,0,0,0,0,0,0,0,0,0,0,0,0,0,0,0,0,0,0,0,0,0,0,0,0,0,0,0,0,0,0,0,0,0,0,0,0,0,0,0,0,0,0,0,0,0,0,0,0,0,0,0,0,0,0,0,0,0,0,0,0,0,0,0,0,0,0,0,0,0,0,0,0,0,0,0,0,0,0,0,0,0,0,0,0
95,95,259,3.8253910541534424,54,1,1,1,1,1,1,1,23,1,4,1,1,1,7,1,11,1,1,1,22,1,4,1,13,1,12,1,1,1,14,1,4,1,1,1,22,1,14,1,1,1,1,1,21,1,15,1,3,1,16,1,1,1,16,0,0,0,0,0,0,0,0,0,0,0,0,0,0,0,0,0,0,0,0,0,0,0,0,0,0,0,0,0,0,0,0,0,0,0,0,0,0,0,0,0,0,0,0,0,0,0,0,0,0,0,0,0,0,0,0,0,0,0,0,0,0,0,0,0,0,0,0,0,0,0,0,0,0,0,0,0,0,0,0,0,0,0,0,0,0,0,0,0,0,0,0,0,0,0,0,0,0,0,0,0,0,0,0,0,0,0,0,0,0,0,0,0,0,0,0,0,0,0,0,0,0,0,0,0,0,0,0,0,0,0,0,0,0,0,0,0,0,0,0,0,0,0,0,0,0,0,0,0
96,96,413,5.950101852416992,94,1,1,2,1,1,1,1,23,1,14,1,3,1,5,1,1,1,18,1,1,1,3,1,1,1,12,1,8,1,21,1,6,1,12,1,4,1,1,1,22,1,3,1,16,1,10,1,1,1,14,1,7,1,9,1,1,1,21,1,8,1,4,1,1,1,23,1,1,1,1,1,3,1,2,1,1,1,21,1,19,1,5,1,1,1,1,1,20,1,3,1,1,1,9,0,0,0,0,0,0,0,0,0,0,0,0,0,0,0,0,0,0,0,0,0,0,0,0,0,0,0,0,0,0,0,0,0,0,0,0,0,0,0,0,0,0,0,0,0,0,0,0,0,0,0,0,0,0,0,0,0,0,0,0,0,0,0,0,0,0,0,0,0,0,0,0,0,0,0,0,0,0,0,0,0,0,0,0,0,0,0,0,0,0,0,0,0,0,0,0,0,0,0,0,0,0,0,0,0,0,0,0,0
97,97,473,6.961463928222656,104,1,1,1,1,1,1,1,13,1,1,1,20,1,4,1,15,1,13,1,1,1,10,1,12,1,9,1,1,1,18,1,4,1,18,1,16,1,1,2,1,1,20,1,10,2,2,1,7,1,14,1,6,1,1,1,19,1,2,1,4,1,1,1,10,1,1,1,20,1,6,1,3,1,1,1,24,1,11,1,9,1,15,1,5,1,1,1,12,1,8,1,12,1,1,1,10,1,1,1,10,1,10,2,1,0,0,0,0,0,0,0,0,0,0,0,0,0,0,0,0,0,0,0,0,0,0,0,0,0,0,0,0,0,0,0,0,0,0,0,0,0,0,0,0,0,0,0,0,0,0,0,0,0,0,0,0,0,0,0,0,0,0,0,0,0,0,0,0,0,0,0,0,0,0,0,0,0,0,0,0,0,0,0,0,0,0,0,0,0,0,0,0,0,0,0,0,0,0,0,0,0,0,0
98,98,110,2.8983681201934814,31,1,1,1,1,1,1,1,10,1,1,1,13,1,1,1,7,1,15,1,15,1,1,1,9,1,12,1,2,1,1,1,0,0,0,0,0,0,0,0,0,0,0,0,0,0,0,0,0,0,0,0,0,0,0,0,0,0,0,0,0,0,0,0,0,0,0,0,0,0,0,0,0,0,0,0,0,0,0,0,0,0,0,0,0,0,0,0,0,0,0,0,0,0,0,0,0,0,0,0,0,0,0,0,0,0,0,0,0,0,0,0,0,0,0,0,0,0,0,0,0,0,0,0,0,0,0,0,0,0,0,0,0,0,0,0,0,0,0,0,0,0,0,0,0,0,0,0,0,0,0,0,0,0,0,0,0,0,0,0,0,0,0,0,0,0,0,0,0,0,0,0,0,0,0,0,0,0,0,0,0,0,0,0,0,0,0,0,0,0,0,0,0,0,0,0,0,0,0,0,0,0,0,0
99,99,419,5.959933042526245,90,1,1,1,1,1,1,1,21,1,1,1,1,1,24,1,5,1,1,1,10,1,6,1,1,1,9,1,1,1,22,1,3,1,10,1,1,1,12,1,1,1,18,1,6,1,13,1,1,1,17,1,3,1,19,1,17,1,2,1,1,1,22,1,12,1,5,1,3,1,1,1,22,1,10,1,7,1,16,1,1,1,13,1,1,1,3,1,19,1,9,0,0,0,0,0,0,0,0,0,0,0,0,0,0,0,0,0,0,0,0,0,0,0,0,0,0,0,0,0,0,0,0,0,0,0,0,0,0,0,0,0,0,0,0,0,0,0,0,0,0,0,0,0,0,0,0,0,0,0,0,0,0,0,0,0,0,0,0,0,0,0,0,0,0,0,0,0,0,0,0,0,0,0,0,0,0,0,0,0,0,0,0,0,0,0,0,0,0,0,0,0,0,0,0,0,0,0,0,0,0,0,0,0
