,label,size,time,nb_rounds,round1,round2,round3,round4,round5,round6,round7,round8,round9,round10,round11,round12,round13,round14,round15,round16,round17,round18,round19,round20,round21,round22,round23,round24,round25,round26,round27,round28,round29,round30,round31,round32,round33,round34,round35,round36,round37,round38,round39,round40,round41,round42,round43,round44,round45,round46,round47,round48,round49,round50,round51,round52,round53,round54,round55,round56,round57,round58,round59,round60,round61,round62,round63,round64,round65,round66,round67,round68,round69,round70,round71,round72,round73,round74,round75,round76,round77,round78,round79,round80,round81,round82,round83,round84,round85,round86,round87,round88,round89,round90,round91,round92,round93,round94,round95,round96,round97,round98,round99,round100,round101,round102,round103,round104,round105,round106,round107,round108,round109,round110,round111,round112,round113,round114,round115,round116,round117,round118,round119,round120,round121,round122,round123,round124,round125,round126,round127,round128,round129,round130,round131,round132,round133,round134,round135,round136,round137,round138,round139,round140,round141,round142,round143,round144,round145,round146,round147,round148,round149,round150,round151,round152,round153,round154,round155,round156,round157,round158,round159,round160,round161,round162,round163,round164,round165,round166,round167,round168,round169,round170,round171,round172,round173,round174,round175,round176,round177,round178,round179,round180,round181,round182,round183,round184,round185,round186,round187,round188,round189,round190,round191,round192,round193,round194,round195,round196,round197,round198,round199,round200,round201,round202,round203
0,1,449,19.26336979866028,110,1,1,1,1,2,1,1,3,1,6,1,1,2,1,1,1,1,2,2,1,1,1,1,1,1,1,1,1,2,1,1,1,1,25,1,14,1,3,1,4,2,2,1,22,1,8,1,1,1,8,1,14,1,21,1,5,1,11,1,1,1,12,1,1,1,21,1,8,2,2,1,22,1,12,1,7,1,6,1,1,1,11,1,1,1,7,2,2,1,9,1,14,1,19,2,1,1,10,1,10,1,1,1,1,1,21,1,7,1,16,0,0,0,0,0,0,0,0,0,0,0,0,0,0,0,0,0,0,0,0,0,0,0,0,0,0,0,0,0,0,0,0,0,0,0,0,0,0,0,0,0,0,0,0,0,0,0,0,0,0,0,0,0,0,0,0,0,0,0,0,0,0,0,0,0,0,0,0,0,0,0,0,0,0,0,0,0,0,0,0,0,0,0,0,0,0,0,0,0,0,0,0,0
1,10,115,3.7817821502685547,28,1,1,1,1,1,1,1,18,1,3,1,20,1,12,3,2,1,4,1,1,1,15,2,2,1,16,1,1,0,0,0,0,0,0,0,0,0,0,0,0,0,0,0,0,0,0,0,0,0,0,0,0,0,0,0,0,0,0,0,0,0,0,0,0,0,0,0,0,0,0,0,0,0,0,0,0,0,0,0,0,0,0,0,0,0,0,0,0,0,0,0,0,0,0,0,0,0,0,0,0,0,0,0,0,0,0,0,0,0,0,0,0,0,0,0,0,0,0,0,0,0,0,0,0,0,0,0,0,0,0,0,0,0,0,0,0,0,0,0,0,0,0,0,0,0,0,0,0,0,0,0,0,0,0,0,0,0,0,0,0,0,0,0,0,0,0,0,0,0,0,0,0,0,0,0,0,0,0,0,0,0,0,0,0,0,0,0,0,0,0,0,0,0,0,0,0,0,0,0,0,0,0,0
2,11,429,16.094335794448853,90,1,1,1,1,1,1,1,5,1,9,1,1,1,24,1,4,1,2,1,1,1,22,1,19,2,1,1,9,1,1,1,21,2,1,1,13,1,10,1,16,1,5,1,1,1,8,1,8,1,1,1,23,1,11,1,4,1,24,1,1,2,2,1,11,1,12,1,19,1,9,1,9,1,1,1,26,1,8,1,8,1,3,1,1,1,21,1,1,1,1,0,0,0,0,0,0,0,0,0,0,0,0,0,0,0,0,0,0,0,0,0,0,0,0,0,0,0,0,0,0,0,0,0,0,0,0,0,0,0,0,0,0,0,0,0,0,0,0,0,0,0,0,0,0,0,0,0,0,0,0,0,0,0,0,0,0,0,0,0,0,0,0,0,0,0,0,0,0,0,0,0,0,0,0,0,0,0,0,0,0,0,0,0,0,0,0,0,0,0,0,0,0,0,0,0,0,0,0,0,0,0,0,0
3,12,326,13.102169036865234,63,1,1,1,1,1,1,1,18,1,1,1,5,1,18,1,21,1,3,2,1,1,22,1,21,1,13,1,1,1,25,1,6,1,1,1,3,1,1,1,21,1,2,1,1,1,9,1,3,1,1,1,23,1,23,2,6,1,1,1,23,1,1,1,0,0,0,0,0,0,0,0,0,0,0,0,0,0,0,0,0,0,0,0,0,0,0,0,0,0,0,0,0,0,0,0,0,0,0,0,0,0,0,0,0,0,0,0,0,0,0,0,0,0,0,0,0,0,0,0,0,0,0,0,0,0,0,0,0,0,0,0,0,0,0,0,0,0,0,0,0,0,0,0,0,0,0,0,0,0,0,0,0,0,0,0,0,0,0,0,0,0,0,0,0,0,0,0,0,0,0,0,0,0,0,0,0,0,0,0,0,0,0,0,0,0,0,0,0,0,0,0,0,0,0,0,0,0,0,0,0,0,0,0
4,13,472,19.154775142669678,95,1,1,1,1,1,1,1,14,1,1,1,5,1,9,1,1,1,23,1,7,1,6,1,1,1,6,2,2,1,25,1,4,1,9,1,1,1,15,1,1,1,18,1,3,1,18,1,15,1,5,1,1,1,21,1,17,1,2,1,8,1,1,1,18,1,1,1,12,1,12,1,18,1,7,1,2,1,1,1,22,1,22,1,19,1,1,1,1,1,21,1,4,1,16,1,0,0,0,0,0,0,0,0,0,0,0,0,0,0,0,0,0,0,0,0,0,0,0,0,0,0,0,0,0,0,0,0,0,0,0,0,0,0,0,0,0,0,0,0,0,0,0,0,0,0,0,0,0,0,0,0,0,0,0,0,0,0,0,0,0,0,0,0,0,0,0,0,0,0,0,0,0,0,0,0,0,0,0,0,0,0,0,0,0,0,0,0,0,0,0,0,0,0,0,0,0,0,0,0,0,0,0,0
5,14,350,12.997523069381714,65,1,1,1,1,1,1,1,23,2,19,1,9,1,1,1,9,1,14,1,7,1,1,1,21,2,22,1,2,1,1,1,14,1,6,1,24,1,8,1,1,1,8,2,1,1,23,1,17,1,1,1,13,1,1,1,10,1,1,1,17,2,1,1,23,1,0,0,0,0,0,0,0,0,0,0,0,0,0,0,0,0,0,0,0,0,0,0,0,0,0,0,0,0,0,0,0,0,0,0,0,0,0,0,0,0,0,0,0,0,0,0,0,0,0,0,0,0,0,0,0,0,0,0,0,0,0,0,0,0,0,0,0,0,0,0,0,0,0,0,0,0,0,0,0,0,0,0,0,0,0,0,0,0,0,0,0,0,0,0,0,0,0,0,0,0,0,0,0,0,0,0,0,0,0,0,0,0,0,0,0,0,0,0,0,0,0,0,0,0,0,0,0,0,0,0,0,0,0,0,0,0,0,0
6,15,502,20.03833508491516,104,1,1,1,1,1,1,1,7,1,1,1,18,1,3,1,2,1,1,1,21,1,14,1,8,1,2,2,2,1,21,1,13,1,1,1,1,1,3,2,2,1,22,1,14,1,9,1,12,2,2,1,23,2,19,1,10,1,1,1,12,1,9,1,3,1,1,1,25,1,6,1,1,1,20,1,14,1,4,1,16,2,2,1,19,1,1,1,13,1,1,1,22,1,3,1,15,1,10,1,1,1,10,1,1,0,0,0,0,0,0,0,0,0,0,0,0,0,0,0,0,0,0,0,0,0,0,0,0,0,0,0,0,0,0,0,0,0,0,0,0,0,0,0,0,0,0,0,0,0,0,0,0,0,0,0,0,0,0,0,0,0,0,0,0,0,0,0,0,0,0,0,0,0,0,0,0,0,0,0,0,0,0,0,0,0,0,0,0,0,0,0,0,0,0,0,0,0,0,0,0,0,0,0
7,16,323,8.996315002441406,76,1,1,1,1,1,1,1,21,1,2,1,1,1,3,1,17,1,12,1,1,1,16,1,9,1,13,1,2,1,1,1,7,1,1,1,5,1,17,1,18,1,1,1,6,1,19,1,14,1,3,1,1,1,4,1,3,2,2,1,6,2,2,1,20,1,11,1,10,1,10,1,1,1,19,1,1,0,0,0,0,0,0,0,0,0,0,0,0,0,0,0,0,0,0,0,0,0,0,0,0,0,0,0,0,0,0,0,0,0,0,0,0,0,0,0,0,0,0,0,0,0,0,0,0,0,0,0,0,0,0,0,0,0,0,0,0,0,0,0,0,0,0,0,0,0,0,0,0,0,0,0,0,0,0,0,0,0,0,0,0,0,0,0,0,0,0,0,0,0,0,0,0,0,0,0,0,0,0,0,0,0,0,0,0,0,0,0,0,0,0,0,0,0,0,0,0,0,0,0,0,0,0,0
8,17,449,8.890279054641724,98,1,1,1,1,1,1,1,6,1,1,1,6,2,2,1,9,1,14,1,14,1,1,1,10,1,10,1,19,1,9,1,5,1,1,1,34,2,12,1,1,1,1,1,23,1,2,1,1,1,1,1,21,1,1,1,5,1,1,1,16,1,9,1,14,3,2,1,6,1,1,1,10,1,14,1,6,2,2,1,20,1,6,1,13,1,1,1,1,1,21,2,1,1,1,1,25,1,10,0,0,0,0,0,0,0,0,0,0,0,0,0,0,0,0,0,0,0,0,0,0,0,0,0,0,0,0,0,0,0,0,0,0,0,0,0,0,0,0,0,0,0,0,0,0,0,0,0,0,0,0,0,0,0,0,0,0,0,0,0,0,0,0,0,0,0,0,0,0,0,0,0,0,0,0,0,0,0,0,0,0,0,0,0,0,0,0,0,0,0,0,0,0,0,0,0,0,0,0,0,0,0,0,0
9,18,348,5.830394983291626,70,1,1,1,2,1,1,1,23,1,8,1,11,1,17,1,1,1,14,1,12,1,14,1,11,1,5,1,1,1,19,1,1,1,10,1,1,1,6,1,2,1,1,1,21,1,15,1,12,1,12,1,2,1,1,1,16,1,8,1,6,1,1,1,24,1,3,1,23,1,7,0,0,0,0,0,0,0,0,0,0,0,0,0,0,0,0,0,0,0,0,0,0,0,0,0,0,0,0,0,0,0,0,0,0,0,0,0,0,0,0,0,0,0,0,0,0,0,0,0,0,0,0,0,0,0,0,0,0,0,0,0,0,0,0,0,0,0,0,0,0,0,0,0,0,0,0,0,0,0,0,0,0,0,0,0,0,0,0,0,0,0,0,0,0,0,0,0,0,0,0,0,0,0,0,0,0,0,0,0,0,0,0,0,0,0,0,0,0,0,0,0,0,0,0,0,0,0,0,0,0,0,0,0
10,19,486,6.906684875488281,93,1,1,1,1,1,1,1,3,1,21,1,19,1,6,1,1,1,21,1,16,1,5,1,20,2,1,1,14,1,9,1,15,1,7,2,2,1,3,1,18,1,17,1,7,1,1,1,1,1,12,1,1,1,23,1,3,1,4,1,1,1,23,1,14,1,1,1,1,1,21,1,8,1,1,1,15,1,6,1,27,1,10,1,2,1,1,1,20,1,5,1,14,1,0,0,0,0,0,0,0,0,0,0,0,0,0,0,0,0,0,0,0,0,0,0,0,0,0,0,0,0,0,0,0,0,0,0,0,0,0,0,0,0,0,0,0,0,0,0,0,0,0,0,0,0,0,0,0,0,0,0,0,0,0,0,0,0,0,0,0,0,0,0,0,0,0,0,0,0,0,0,0,0,0,0,0,0,0,0,0,0,0,0,0,0,0,0,0,0,0,0,0,0,0,0,0,0,0,0,0,0,0,0
11,2,381,21.79043197631836,92,1,1,1,1,1,1,1,7,1,1,1,7,1,1,1,8,1,12,1,2,1,1,1,24,1,1,1,22,1,1,1,1,1,19,1,3,1,11,1,1,1,25,1,1,1,15,1,5,1,1,1,25,1,15,1,8,1,1,1,9,1,1,1,2,1,1,1,5,1,17,1,13,1,1,1,9,1,16,1,4,1,1,1,18,1,3,2,1,1,10,1,1,0,0,0,0,0,0,0,0,0,0,0,0,0,0,0,0,0,0,0,0,0,0,0,0,0,0,0,0,0,0,0,0,0,0,0,0,0,0,0,0,0,0,0,0,0,0,0,0,0,0,0,0,0,0,0,0,0,0,0,0,0,0,0,0,0,0,0,0,0,0,0,0,0,0,0,0,0,0,0,0,0,0,0,0,0,0,0,0,0,0,0,0,0,0,0,0,0,0,0,0,0,0,0,0,0,0,0,0,0,0,0
12,20,290,4.870067119598389,60,1,1,1,1,1,1,1,10,1,14,1,16,1,13,1,5,1,1,1,1,1,12,1,1,1,19,1,13,1,5,1,16,1,1,1,3,1,19,1,18,1,1,1,1,1,20,1,22,1,4,1,11,1,1,1,22,1,6,1,1,0,0,0,0,0,0,0,0,0,0,0,0,0,0,0,0,0,0,0,0,0,0,0,0,0,0,0,0,0,0,0,0,0,0,0,0,0,0,0,0,0,0,0,0,0,0,0,0,0,0,0,0,0,0,0,0,0,0,0,0,0,0,0,0,0,0,0,0,0,0,0,0,0,0,0,0,0,0,0,0,0,0,0,0,0,0,0,0,0,0,0,0,0,0,0,0,0,0,0,0,0,0,0,0,0,0,0,0,0,0,0,0,0,0,0,0,0,0,0,0,0,0,0,0,0,0,0,0,0,0,0,0,0,0,0,0,0,0,0,0,0,0,0
13,21,211,3.7642691135406494,48,1,1,1,2,1,1,1,23,1,13,1,11,1,6,1,1,1,3,1,1,1,16,1,5,1,17,1,1,1,20,1,4,1,15,1,2,1,1,1,19,1,5,1,15,1,3,1,1,0,0,0,0,0,0,0,0,0,0,0,0,0,0,0,0,0,0,0,0,0,0,0,0,0,0,0,0,0,0,0,0,0,0,0,0,0,0,0,0,0,0,0,0,0,0,0,0,0,0,0,0,0,0,0,0,0,0,0,0,0,0,0,0,0,0,0,0,0,0,0,0,0,0,0,0,0,0,0,0,0,0,0,0,0,0,0,0,0,0,0,0,0,0,0,0,0,0,0,0,0,0,0,0,0,0,0,0,0,0,0,0,0,0,0,0,0,0,0,0,0,0,0,0,0,0,0,0,0,0,0,0,0,0,0,0,0,0,0,0,0,0,0,0,0,0,0,0,0,0,0,0,0,0,0
14,22,282,5.8523030281066895,64,1,1,1,1,1,1,1,9,1,13,1,2,1,1,1,23,1,23,1,5,1,1,1,9,1,1,1,3,1,6,1,1,1,30,1,7,1,3,1,21,2,1,1,1,1,12,1,10,1,13,1,1,1,18,1,1,1,1,1,21,1,7,1,1,0,0,0,0,0,0,0,0,0,0,0,0,0,0,0,0,0,0,0,0,0,0,0,0,0,0,0,0,0,0,0,0,0,0,0,0,0,0,0,0,0,0,0,0,0,0,0,0,0,0,0,0,0,0,0,0,0,0,0,0,0,0,0,0,0,0,0,0,0,0,0,0,0,0,0,0,0,0,0,0,0,0,0,0,0,0,0,0,0,0,0,0,0,0,0,0,0,0,0,0,0,0,0,0,0,0,0,0,0,0,0,0,0,0,0,0,0,0,0,0,0,0,0,0,0,0,0,0,0,0,0,0,0,0,0,0,0,0,0
15,23,332,5.876866102218628,65,1,1,1,1,1,1,1,24,1,18,1,10,1,1,1,19,1,8,1,16,1,4,2,2,1,20,2,21,1,14,1,4,1,3,1,1,1,9,1,1,1,24,1,3,1,10,1,1,1,10,1,1,1,3,2,2,1,23,2,18,1,16,1,3,3,0,0,0,0,0,0,0,0,0,0,0,0,0,0,0,0,0,0,0,0,0,0,0,0,0,0,0,0,0,0,0,0,0,0,0,0,0,0,0,0,0,0,0,0,0,0,0,0,0,0,0,0,0,0,0,0,0,0,0,0,0,0,0,0,0,0,0,0,0,0,0,0,0,0,0,0,0,0,0,0,0,0,0,0,0,0,0,0,0,0,0,0,0,0,0,0,0,0,0,0,0,0,0,0,0,0,0,0,0,0,0,0,0,0,0,0,0,0,0,0,0,0,0,0,0,0,0,0,0,0,0,0,0,0,0,0,0,0
16,24,431,6.990199089050293,79,1,1,1,2,1,1,1,20,2,1,1,17,1,3,1,1,1,29,1,8,1,9,1,4,1,1,1,24,1,1,1,23,1,12,1,1,1,1,1,1,1,20,2,1,1,25,1,15,1,16,1,1,1,7,1,16,1,17,1,5,1,1,1,1,1,23,1,13,2,1,1,27,1,13,1,14,1,1,1,0,0,0,0,0,0,0,0,0,0,0,0,0,0,0,0,0,0,0,0,0,0,0,0,0,0,0,0,0,0,0,0,0,0,0,0,0,0,0,0,0,0,0,0,0,0,0,0,0,0,0,0,0,0,0,0,0,0,0,0,0,0,0,0,0,0,0,0,0,0,0,0,0,0,0,0,0,0,0,0,0,0,0,0,0,0,0,0,0,0,0,0,0,0,0,0,0,0,0,0,0,0,0,0,0,0,0,0,0,0,0,0,0,0,0,0,0,0,0,0,0,0,0,0
17,25,555,9.955517053604126,113,1,1,1,1,1,1,1,21,1,1,1,1,1,22,1,18,1,3,1,1,1,23,1,7,1,1,1,8,1,14,2,1,1,20,1,5,1,7,1,1,1,24,1,7,1,9,1,3,1,1,1,14,1,1,1,13,1,9,1,17,1,1,1,18,1,3,1,1,1,1,1,20,1,10,1,8,1,8,1,1,1,14,1,1,1,26,2,10,1,1,1,16,1,4,1,18,1,1,1,15,1,15,1,11,1,1,1,1,1,17,1,10,1,0,0,0,0,0,0,0,0,0,0,0,0,0,0,0,0,0,0,0,0,0,0,0,0,0,0,0,0,0,0,0,0,0,0,0,0,0,0,0,0,0,0,0,0,0,0,0,0,0,0,0,0,0,0,0,0,0,0,0,0,0,0,0,0,0,0,0,0,0,0,0,0,0,0,0,0,0,0,0,0,0,0,0,0,0,0,0,0,0,0
18,26,286,6.792330980300903,66,1,1,1,2,1,1,1,20,1,2,1,6,1,1,1,22,1,4,1,11,2,2,1,17,1,1,1,13,1,7,1,10,1,1,1,15,2,2,1,8,1,14,2,1,1,26,2,18,1,3,1,1,1,18,2,1,1,3,1,1,1,6,1,1,1,8,0,0,0,0,0,0,0,0,0,0,0,0,0,0,0,0,0,0,0,0,0,0,0,0,0,0,0,0,0,0,0,0,0,0,0,0,0,0,0,0,0,0,0,0,0,0,0,0,0,0,0,0,0,0,0,0,0,0,0,0,0,0,0,0,0,0,0,0,0,0,0,0,0,0,0,0,0,0,0,0,0,0,0,0,0,0,0,0,0,0,0,0,0,0,0,0,0,0,0,0,0,0,0,0,0,0,0,0,0,0,0,0,0,0,0,0,0,0,0,0,0,0,0,0,0,0,0,0,0,0,0,0,0,0,0,0,0
19,27,360,5.9571990966796875,69,1,1,1,1,1,1,1,25,1,27,1,3,1,1,1,3,1,19,1,19,1,2,1,5,1,1,1,16,1,1,1,21,2,18,1,6,1,1,1,14,1,7,1,21,1,7,1,1,1,1,1,3,1,19,1,21,1,3,1,3,1,1,1,23,1,16,1,7,1,0,0,0,0,0,0,0,0,0,0,0,0,0,0,0,0,0,0,0,0,0,0,0,0,0,0,0,0,0,0,0,0,0,0,0,0,0,0,0,0,0,0,0,0,0,0,0,0,0,0,0,0,0,0,0,0,0,0,0,0,0,0,0,0,0,0,0,0,0,0,0,0,0,0,0,0,0,0,0,0,0,0,0,0,0,0,0,0,0,0,0,0,0,0,0,0,0,0,0,0,0,0,0,0,0,0,0,0,0,0,0,0,0,0,0,0,0,0,0,0,0,0,0,0,0,0,0,0,0,0,0,0,0,0
20,28,306,5.805000066757202,62,1,1,1,1,1,1,1,10,1,14,1,7,1,1,1,20,2,5,1,1,1,24,1,8,1,6,1,18,1,1,1,13,1,11,1,16,1,15,1,5,2,1,1,22,1,9,2,1,1,27,1,6,1,1,1,10,1,10,1,5,1,1,0,0,0,0,0,0,0,0,0,0,0,0,0,0,0,0,0,0,0,0,0,0,0,0,0,0,0,0,0,0,0,0,0,0,0,0,0,0,0,0,0,0,0,0,0,0,0,0,0,0,0,0,0,0,0,0,0,0,0,0,0,0,0,0,0,0,0,0,0,0,0,0,0,0,0,0,0,0,0,0,0,0,0,0,0,0,0,0,0,0,0,0,0,0,0,0,0,0,0,0,0,0,0,0,0,0,0,0,0,0,0,0,0,0,0,0,0,0,0,0,0,0,0,0,0,0,0,0,0,0,0,0,0,0,0,0,0,0,0,0,0
21,29,511,8.012005090713501,98,1,1,1,2,1,1,1,6,1,9,1,1,1,24,1,6,1,9,1,4,1,1,1,21,1,8,1,12,1,16,2,1,1,10,1,11,1,16,1,1,1,10,1,10,1,6,1,1,1,23,1,18,1,19,1,2,1,1,1,3,1,22,1,15,1,8,1,9,1,1,1,24,1,4,1,1,1,20,1,13,1,10,1,13,1,1,1,20,1,1,2,2,1,22,1,13,1,6,0,0,0,0,0,0,0,0,0,0,0,0,0,0,0,0,0,0,0,0,0,0,0,0,0,0,0,0,0,0,0,0,0,0,0,0,0,0,0,0,0,0,0,0,0,0,0,0,0,0,0,0,0,0,0,0,0,0,0,0,0,0,0,0,0,0,0,0,0,0,0,0,0,0,0,0,0,0,0,0,0,0,0,0,0,0,0,0,0,0,0,0,0,0,0,0,0,0,0,0,0,0,0,0,0
22,3,537,27.45277500152588,109,1,1,2,1,1,1,1,25,1,5,2,2,1,10,1,12,1,13,1,1,1,14,1,7,1,24,1,2,1,1,1,10,1,7,1,1,1,23,1,12,1,6,1,8,1,1,1,22,2,1,1,2,1,21,1,18,1,1,1,8,1,1,1,24,1,13,1,4,1,13,1,1,1,10,2,2,1,12,1,11,1,3,1,1,1,21,1,4,1,18,1,4,2,2,1,22,1,2,1,15,1,12,1,1,1,12,1,8,1,0,0,0,0,0,0,0,0,0,0,0,0,0,0,0,0,0,0,0,0,0,0,0,0,0,0,0,0,0,0,0,0,0,0,0,0,0,0,0,0,0,0,0,0,0,0,0,0,0,0,0,0,0,0,0,0,0,0,0,0,0,0,0,0,0,0,0,0,0,0,0,0,0,0,0,0,0,0,0,0,0,0,0,0,0,0,0,0,0,0,0,0,0,0
23,30,244,4.760077953338623,52,1,1,1,1,1,1,1,20,1,6,1,17,1,2,1,1,1,20,2,17,1,14,1,1,1,3,1,17,1,19,1,1,1,6,1,5,1,1,1,21,2,1,1,7,2,2,1,9,1,17,1,4,0,0,0,0,0,0,0,0,0,0,0,0,0,0,0,0,0,0,0,0,0,0,0,0,0,0,0,0,0,0,0,0,0,0,0,0,0,0,0,0,0,0,0,0,0,0,0,0,0,0,0,0,0,0,0,0,0,0,0,0,0,0,0,0,0,0,0,0,0,0,0,0,0,0,0,0,0,0,0,0,0,0,0,0,0,0,0,0,0,0,0,0,0,0,0,0,0,0,0,0,0,0,0,0,0,0,0,0,0,0,0,0,0,0,0,0,0,0,0,0,0,0,0,0,0,0,0,0,0,0,0,0,0,0,0,0,0,0,0,0,0,0,0,0,0,0,0,0,0,0,0
24,31,434,9.889110088348389,85,1,1,1,2,1,1,1,21,1,3,1,1,1,17,1,4,1,27,1,3,1,8,1,2,1,1,1,12,2,2,1,20,2,18,1,7,1,1,1,11,1,13,1,3,1,1,1,26,1,3,1,1,1,21,1,12,1,8,1,13,1,1,1,20,1,1,1,20,2,1,1,12,2,2,1,6,1,18,1,25,2,12,2,1,1,0,0,0,0,0,0,0,0,0,0,0,0,0,0,0,0,0,0,0,0,0,0,0,0,0,0,0,0,0,0,0,0,0,0,0,0,0,0,0,0,0,0,0,0,0,0,0,0,0,0,0,0,0,0,0,0,0,0,0,0,0,0,0,0,0,0,0,0,0,0,0,0,0,0,0,0,0,0,0,0,0,0,0,0,0,0,0,0,0,0,0,0,0,0,0,0,0,0,0,0,0,0,0,0,0,0,0,0,0,0,0,0,0,0,0,0,0,0
25,32,370,5.851974010467529,69,1,1,1,1,1,1,1,22,1,9,1,1,1,9,1,13,1,11,1,1,1,16,3,2,1,23,1,17,1,7,1,10,1,1,1,23,1,16,1,8,1,1,1,18,1,15,1,12,1,6,1,1,1,4,1,18,1,6,1,1,1,16,1,14,1,13,1,11,1,0,0,0,0,0,0,0,0,0,0,0,0,0,0,0,0,0,0,0,0,0,0,0,0,0,0,0,0,0,0,0,0,0,0,0,0,0,0,0,0,0,0,0,0,0,0,0,0,0,0,0,0,0,0,0,0,0,0,0,0,0,0,0,0,0,0,0,0,0,0,0,0,0,0,0,0,0,0,0,0,0,0,0,0,0,0,0,0,0,0,0,0,0,0,0,0,0,0,0,0,0,0,0,0,0,0,0,0,0,0,0,0,0,0,0,0,0,0,0,0,0,0,0,0,0,0,0,0,0,0,0,0,0,0
26,33,215,3.767282009124756,48,1,1,1,1,1,1,1,6,1,1,1,22,1,10,1,8,1,18,1,1,1,13,1,10,1,18,1,6,1,1,1,3,1,20,1,28,1,1,1,7,1,3,1,1,1,9,1,1,0,0,0,0,0,0,0,0,0,0,0,0,0,0,0,0,0,0,0,0,0,0,0,0,0,0,0,0,0,0,0,0,0,0,0,0,0,0,0,0,0,0,0,0,0,0,0,0,0,0,0,0,0,0,0,0,0,0,0,0,0,0,0,0,0,0,0,0,0,0,0,0,0,0,0,0,0,0,0,0,0,0,0,0,0,0,0,0,0,0,0,0,0,0,0,0,0,0,0,0,0,0,0,0,0,0,0,0,0,0,0,0,0,0,0,0,0,0,0,0,0,0,0,0,0,0,0,0,0,0,0,0,0,0,0,0,0,0,0,0,0,0,0,0,0,0,0,0,0,0,0,0,0,0,0
27,34,260,6.642338037490845,56,1,1,1,1,1,1,1,26,1,1,1,15,1,15,1,1,1,10,1,7,1,1,1,10,1,1,1,22,1,3,1,1,1,14,1,1,1,23,1,7,1,1,1,23,1,8,1,4,1,1,1,22,1,10,1,1,0,0,0,0,0,0,0,0,0,0,0,0,0,0,0,0,0,0,0,0,0,0,0,0,0,0,0,0,0,0,0,0,0,0,0,0,0,0,0,0,0,0,0,0,0,0,0,0,0,0,0,0,0,0,0,0,0,0,0,0,0,0,0,0,0,0,0,0,0,0,0,0,0,0,0,0,0,0,0,0,0,0,0,0,0,0,0,0,0,0,0,0,0,0,0,0,0,0,0,0,0,0,0,0,0,0,0,0,0,0,0,0,0,0,0,0,0,0,0,0,0,0,0,0,0,0,0,0,0,0,0,0,0,0,0,0,0,0,0,0,0,0,0,0,0,0,0
28,35,202,4.826967000961304,46,1,1,1,1,1,1,1,22,1,14,1,1,1,3,1,6,1,1,1,14,2,2,1,20,1,3,1,11,1,2,1,12,1,1,1,11,1,10,1,19,1,11,1,9,2,1,0,0,0,0,0,0,0,0,0,0,0,0,0,0,0,0,0,0,0,0,0,0,0,0,0,0,0,0,0,0,0,0,0,0,0,0,0,0,0,0,0,0,0,0,0,0,0,0,0,0,0,0,0,0,0,0,0,0,0,0,0,0,0,0,0,0,0,0,0,0,0,0,0,0,0,0,0,0,0,0,0,0,0,0,0,0,0,0,0,0,0,0,0,0,0,0,0,0,0,0,0,0,0,0,0,0,0,0,0,0,0,0,0,0,0,0,0,0,0,0,0,0,0,0,0,0,0,0,0,0,0,0,0,0,0,0,0,0,0,0,0,0,0,0,0,0,0,0,0,0,0,0,0,0,0,0,0
29,36,501,10.96216106414795,104,1,1,1,1,1,1,1,3,1,17,1,19,1,3,1,12,1,1,1,24,1,2,1,11,1,1,1,24,2,1,1,9,2,1,1,10,2,2,1,12,1,1,1,17,1,1,1,5,1,20,1,18,1,2,1,13,1,5,1,1,1,23,1,7,1,1,1,25,1,8,1,6,1,1,1,28,1,5,1,6,1,19,1,1,1,1,1,4,1,1,1,7,1,1,1,1,1,20,1,23,2,16,2,1,0,0,0,0,0,0,0,0,0,0,0,0,0,0,0,0,0,0,0,0,0,0,0,0,0,0,0,0,0,0,0,0,0,0,0,0,0,0,0,0,0,0,0,0,0,0,0,0,0,0,0,0,0,0,0,0,0,0,0,0,0,0,0,0,0,0,0,0,0,0,0,0,0,0,0,0,0,0,0,0,0,0,0,0,0,0,0,0,0,0,0,0,0,0,0,0,0,0,0
30,37,328,7.699082851409912,68,1,1,1,1,1,1,1,27,1,16,1,3,1,1,1,26,2,13,1,16,1,3,2,1,1,15,1,1,1,20,1,1,1,3,1,20,1,18,1,13,1,1,1,14,1,1,1,12,1,2,1,1,1,8,1,1,1,23,1,10,1,4,1,1,1,12,1,1,0,0,0,0,0,0,0,0,0,0,0,0,0,0,0,0,0,0,0,0,0,0,0,0,0,0,0,0,0,0,0,0,0,0,0,0,0,0,0,0,0,0,0,0,0,0,0,0,0,0,0,0,0,0,0,0,0,0,0,0,0,0,0,0,0,0,0,0,0,0,0,0,0,0,0,0,0,0,0,0,0,0,0,0,0,0,0,0,0,0,0,0,0,0,0,0,0,0,0,0,0,0,0,0,0,0,0,0,0,0,0,0,0,0,0,0,0,0,0,0,0,0,0,0,0,0,0,0,0,0,0,0,0,0,0
31,38,470,7.869903087615967,92,1,1,1,1,1,1,1,20,2,22,1,10,1,1,1,8,1,4,1,1,1,28,1,10,1,1,1,20,1,2,1,1,1,13,1,10,1,15,1,9,1,1,1,3,1,20,1,17,1,2,1,13,1,1,1,13,1,1,1,16,1,4,1,8,1,1,1,24,1,5,1,10,1,19,1,1,1,12,1,13,1,7,1,1,1,20,2,10,1,1,1,20,0,0,0,0,0,0,0,0,0,0,0,0,0,0,0,0,0,0,0,0,0,0,0,0,0,0,0,0,0,0,0,0,0,0,0,0,0,0,0,0,0,0,0,0,0,0,0,0,0,0,0,0,0,0,0,0,0,0,0,0,0,0,0,0,0,0,0,0,0,0,0,0,0,0,0,0,0,0,0,0,0,0,0,0,0,0,0,0,0,0,0,0,0,0,0,0,0,0,0,0,0,0,0,0,0,0,0,0,0,0,0
32,39,366,6.871104001998901,74,1,1,1,1,1,1,1,25,1,6,1,7,1,1,1,26,1,5,1,1,1,3,1,24,1,19,1,12,2,1,1,3,1,1,1,12,2,2,1,10,1,13,1,27,2,9,2,1,1,24,1,7,1,11,1,7,1,1,1,3,2,2,1,13,1,1,1,3,1,20,1,18,2,1,0,0,0,0,0,0,0,0,0,0,0,0,0,0,0,0,0,0,0,0,0,0,0,0,0,0,0,0,0,0,0,0,0,0,0,0,0,0,0,0,0,0,0,0,0,0,0,0,0,0,0,0,0,0,0,0,0,0,0,0,0,0,0,0,0,0,0,0,0,0,0,0,0,0,0,0,0,0,0,0,0,0,0,0,0,0,0,0,0,0,0,0,0,0,0,0,0,0,0,0,0,0,0,0,0,0,0,0,0,0,0,0,0,0,0,0,0,0,0,0,0,0,0,0,0,0,0,0,0
33,4,90,9.533304929733276,26,1,1,1,1,1,1,1,20,1,1,1,9,1,1,1,3,1,1,1,1,1,22,1,14,1,1,0,0,0,0,0,0,0,0,0,0,0,0,0,0,0,0,0,0,0,0,0,0,0,0,0,0,0,0,0,0,0,0,0,0,0,0,0,0,0,0,0,0,0,0,0,0,0,0,0,0,0,0,0,0,0,0,0,0,0,0,0,0,0,0,0,0,0,0,0,0,0,0,0,0,0,0,0,0,0,0,0,0,0,0,0,0,0,0,0,0,0,0,0,0,0,0,0,0,0,0,0,0,0,0,0,0,0,0,0,0,0,0,0,0,0,0,0,0,0,0,0,0,0,0,0,0,0,0,0,0,0,0,0,0,0,0,0,0,0,0,0,0,0,0,0,0,0,0,0,0,0,0,0,0,0,0,0,0,0,0,0,0,0,0,0,0,0,0,0,0,0,0,0,0,0,0,0
34,40,56,1.7212090492248535,14,1,1,1,1,1,1,1,14,1,1,1,23,1,7,0,0,0,0,0,0,0,0,0,0,0,0,0,0,0,0,0,0,0,0,0,0,0,0,0,0,0,0,0,0,0,0,0,0,0,0,0,0,0,0,0,0,0,0,0,0,0,0,0,0,0,0,0,0,0,0,0,0,0,0,0,0,0,0,0,0,0,0,0,0,0,0,0,0,0,0,0,0,0,0,0,0,0,0,0,0,0,0,0,0,0,0,0,0,0,0,0,0,0,0,0,0,0,0,0,0,0,0,0,0,0,0,0,0,0,0,0,0,0,0,0,0,0,0,0,0,0,0,0,0,0,0,0,0,0,0,0,0,0,0,0,0,0,0,0,0,0,0,0,0,0,0,0,0,0,0,0,0,0,0,0,0,0,0,0,0,0,0,0,0,0,0,0,0,0,0,0,0,0,0,0,0,0,0,0,0,0,0,0
35,41,528,10.896345138549805,106,1,1,1,1,1,1,1,18,1,1,1,3,1,12,1,1,1,23,1,13,1,5,1,2,1,1,1,25,1,3,1,16,1,18,1,1,1,7,2,1,1,12,1,1,1,8,1,1,1,20,1,6,1,15,1,1,1,1,1,20,2,18,1,18,1,5,1,2,1,1,1,22,1,11,1,6,1,21,2,1,1,18,1,3,1,14,1,1,1,25,2,9,1,1,1,18,1,1,1,3,1,17,1,16,1,1,0,0,0,0,0,0,0,0,0,0,0,0,0,0,0,0,0,0,0,0,0,0,0,0,0,0,0,0,0,0,0,0,0,0,0,0,0,0,0,0,0,0,0,0,0,0,0,0,0,0,0,0,0,0,0,0,0,0,0,0,0,0,0,0,0,0,0,0,0,0,0,0,0,0,0,0,0,0,0,0,0,0,0,0,0,0,0,0,0,0,0,0,0,0,0,0,0
36,42,147,3.836483955383301,40,1,1,1,1,1,1,1,14,1,16,1,11,1,13,1,6,1,1,1,1,2,2,1,5,1,1,1,7,1,1,1,23,1,3,1,2,1,15,1,1,0,0,0,0,0,0,0,0,0,0,0,0,0,0,0,0,0,0,0,0,0,0,0,0,0,0,0,0,0,0,0,0,0,0,0,0,0,0,0,0,0,0,0,0,0,0,0,0,0,0,0,0,0,0,0,0,0,0,0,0,0,0,0,0,0,0,0,0,0,0,0,0,0,0,0,0,0,0,0,0,0,0,0,0,0,0,0,0,0,0,0,0,0,0,0,0,0,0,0,0,0,0,0,0,0,0,0,0,0,0,0,0,0,0,0,0,0,0,0,0,0,0,0,0,0,0,0,0,0,0,0,0,0,0,0,0,0,0,0,0,0,0,0,0,0,0,0,0,0,0,0,0,0,0,0,0,0,0,0,0,0,0,0
37,43,302,4.898458003997803,62,1,1,2,1,1,1,1,6,1,14,1,13,2,2,1,14,1,2,1,1,1,29,1,8,1,4,1,14,1,1,1,18,1,5,1,10,1,1,1,20,1,4,1,17,1,4,1,1,1,16,1,3,1,21,1,14,1,4,1,1,1,18,0,0,0,0,0,0,0,0,0,0,0,0,0,0,0,0,0,0,0,0,0,0,0,0,0,0,0,0,0,0,0,0,0,0,0,0,0,0,0,0,0,0,0,0,0,0,0,0,0,0,0,0,0,0,0,0,0,0,0,0,0,0,0,0,0,0,0,0,0,0,0,0,0,0,0,0,0,0,0,0,0,0,0,0,0,0,0,0,0,0,0,0,0,0,0,0,0,0,0,0,0,0,0,0,0,0,0,0,0,0,0,0,0,0,0,0,0,0,0,0,0,0,0,0,0,0,0,0,0,0,0,0,0,0,0,0,0,0,0,0,0
38,44,406,7.873999834060669,94,1,1,1,1,1,1,1,20,1,6,1,1,1,8,1,16,1,14,1,8,1,5,1,1,1,23,1,10,1,17,1,7,1,1,1,9,1,1,1,4,1,21,1,18,1,10,1,1,1,3,1,1,1,3,1,1,1,5,1,1,1,13,1,1,1,11,1,10,1,2,1,1,1,25,1,4,1,7,1,1,1,20,1,11,1,6,1,19,1,1,1,7,1,1,0,0,0,0,0,0,0,0,0,0,0,0,0,0,0,0,0,0,0,0,0,0,0,0,0,0,0,0,0,0,0,0,0,0,0,0,0,0,0,0,0,0,0,0,0,0,0,0,0,0,0,0,0,0,0,0,0,0,0,0,0,0,0,0,0,0,0,0,0,0,0,0,0,0,0,0,0,0,0,0,0,0,0,0,0,0,0,0,0,0,0,0,0,0,0,0,0,0,0,0,0,0,0,0,0,0,0,0,0
39,45,612,9.061064004898071,107,1,1,1,2,1,1,1,21,1,13,1,5,1,20,1,1,1,12,1,1,1,3,1,21,1,14,1,1,1,3,1,19,1,13,2,2,1,11,1,10,1,20,1,7,2,1,1,29,1,13,1,6,1,1,1,26,1,8,1,9,1,16,2,1,1,10,1,11,1,22,1,3,1,9,1,1,1,22,1,10,1,8,1,3,1,1,1,22,1,12,1,10,1,9,1,1,1,22,2,21,1,10,2,1,1,23,1,0,0,0,0,0,0,0,0,0,0,0,0,0,0,0,0,0,0,0,0,0,0,0,0,0,0,0,0,0,0,0,0,0,0,0,0,0,0,0,0,0,0,0,0,0,0,0,0,0,0,0,0,0,0,0,0,0,0,0,0,0,0,0,0,0,0,0,0,0,0,0,0,0,0,0,0,0,0,0,0,0,0,0,0,0,0,0,0,0,0,0,0,0,0,0,0
40,46,320,5.967402935028076,71,1,1,1,1,1,1,1,15,1,6,1,3,1,1,1,21,2,1,1,11,1,21,1,7,1,7,1,1,1,6,1,17,1,12,1,1,1,9,1,12,2,1,1,23,1,1,1,2,1,1,1,16,1,1,1,23,1,4,1,6,1,1,1,21,1,10,1,8,2,1,1,0,0,0,0,0,0,0,0,0,0,0,0,0,0,0,0,0,0,0,0,0,0,0,0,0,0,0,0,0,0,0,0,0,0,0,0,0,0,0,0,0,0,0,0,0,0,0,0,0,0,0,0,0,0,0,0,0,0,0,0,0,0,0,0,0,0,0,0,0,0,0,0,0,0,0,0,0,0,0,0,0,0,0,0,0,0,0,0,0,0,0,0,0,0,0,0,0,0,0,0,0,0,0,0,0,0,0,0,0,0,0,0,0,0,0,0,0,0,0,0,0,0,0,0,0,0,0,0,0,0,0,0
41,47,364,7.86625599861145,80,1,1,1,1,1,1,1,3,1,18,1,19,1,6,1,14,1,3,1,1,1,8,1,1,1,11,1,13,1,13,1,1,1,16,1,9,1,10,1,1,1,11,1,1,1,8,1,15,1,20,1,5,1,4,1,1,1,25,1,12,1,6,1,9,1,1,1,20,1,1,1,4,1,12,1,1,1,16,1,1,0,0,0,0,0,0,0,0,0,0,0,0,0,0,0,0,0,0,0,0,0,0,0,0,0,0,0,0,0,0,0,0,0,0,0,0,0,0,0,0,0,0,0,0,0,0,0,0,0,0,0,0,0,0,0,0,0,0,0,0,0,0,0,0,0,0,0,0,0,0,0,0,0,0,0,0,0,0,0,0,0,0,0,0,0,0,0,0,0,0,0,0,0,0,0,0,0,0,0,0,0,0,0,0,0,0,0,0,0,0,0,0,0,0,0,0,0,0,0,0,0,0,0
42,48,224,3.8218698501586914,46,1,1,1,1,1,1,1,22,1,8,1,11,1,17,1,1,1,12,1,5,1,1,1,23,1,19,2,5,1,1,1,7,1,1,1,20,1,3,1,19,1,17,1,3,1,1,0,0,0,0,0,0,0,0,0,0,0,0,0,0,0,0,0,0,0,0,0,0,0,0,0,0,0,0,0,0,0,0,0,0,0,0,0,0,0,0,0,0,0,0,0,0,0,0,0,0,0,0,0,0,0,0,0,0,0,0,0,0,0,0,0,0,0,0,0,0,0,0,0,0,0,0,0,0,0,0,0,0,0,0,0,0,0,0,0,0,0,0,0,0,0,0,0,0,0,0,0,0,0,0,0,0,0,0,0,0,0,0,0,0,0,0,0,0,0,0,0,0,0,0,0,0,0,0,0,0,0,0,0,0,0,0,0,0,0,0,0,0,0,0,0,0,0,0,0,0,0,0,0,0,0,0,0
43,49,296,5.707841873168945,62,1,1,1,1,1,1,1,20,2,23,1,3,1,1,1,10,1,10,1,18,1,1,1,11,1,11,1,18,1,3,1,1,1,8,1,19,1,5,1,1,1,12,1,11,1,11,1,1,1,17,1,6,1,18,1,17,1,2,1,1,1,1,0,0,0,0,0,0,0,0,0,0,0,0,0,0,0,0,0,0,0,0,0,0,0,0,0,0,0,0,0,0,0,0,0,0,0,0,0,0,0,0,0,0,0,0,0,0,0,0,0,0,0,0,0,0,0,0,0,0,0,0,0,0,0,0,0,0,0,0,0,0,0,0,0,0,0,0,0,0,0,0,0,0,0,0,0,0,0,0,0,0,0,0,0,0,0,0,0,0,0,0,0,0,0,0,0,0,0,0,0,0,0,0,0,0,0,0,0,0,0,0,0,0,0,0,0,0,0,0,0,0,0,0,0,0,0,0,0,0,0,0,0
44,5,328,19.253126859664917,71,1,1,1,2,1,1,1,11,1,1,1,13,2,3,1,8,1,15,1,6,1,1,1,18,1,8,1,18,1,1,1,16,1,1,1,5,1,6,1,1,1,24,1,16,1,6,1,13,1,1,1,12,2,2,1,5,1,11,2,2,1,21,1,2,1,1,1,5,1,16,1,0,0,0,0,0,0,0,0,0,0,0,0,0,0,0,0,0,0,0,0,0,0,0,0,0,0,0,0,0,0,0,0,0,0,0,0,0,0,0,0,0,0,0,0,0,0,0,0,0,0,0,0,0,0,0,0,0,0,0,0,0,0,0,0,0,0,0,0,0,0,0,0,0,0,0,0,0,0,0,0,0,0,0,0,0,0,0,0,0,0,0,0,0,0,0,0,0,0,0,0,0,0,0,0,0,0,0,0,0,0,0,0,0,0,0,0,0,0,0,0,0,0,0,0,0,0,0,0,0,0,0,0
45,50,276,5.933900833129883,60,1,1,1,1,1,1,1,17,1,1,1,7,1,15,1,3,1,1,1,27,2,14,1,12,1,1,1,9,1,13,1,20,1,4,1,3,1,1,1,3,1,1,1,23,1,12,1,1,1,6,1,19,1,17,1,6,1,4,1,1,0,0,0,0,0,0,0,0,0,0,0,0,0,0,0,0,0,0,0,0,0,0,0,0,0,0,0,0,0,0,0,0,0,0,0,0,0,0,0,0,0,0,0,0,0,0,0,0,0,0,0,0,0,0,0,0,0,0,0,0,0,0,0,0,0,0,0,0,0,0,0,0,0,0,0,0,0,0,0,0,0,0,0,0,0,0,0,0,0,0,0,0,0,0,0,0,0,0,0,0,0,0,0,0,0,0,0,0,0,0,0,0,0,0,0,0,0,0,0,0,0,0,0,0,0,0,0,0,0,0,0,0,0,0,0,0,0,0,0,0,0,0,0
46,51,370,7.866405010223389,82,1,1,1,2,1,1,1,20,1,1,1,3,1,19,1,1,1,1,1,28,1,9,1,1,1,27,1,4,1,10,1,15,1,1,1,8,1,9,1,1,1,25,1,3,1,12,2,1,1,14,1,1,1,8,1,1,1,6,1,7,1,1,1,21,2,1,1,14,1,10,1,1,1,1,1,25,1,5,1,6,1,1,0,0,0,0,0,0,0,0,0,0,0,0,0,0,0,0,0,0,0,0,0,0,0,0,0,0,0,0,0,0,0,0,0,0,0,0,0,0,0,0,0,0,0,0,0,0,0,0,0,0,0,0,0,0,0,0,0,0,0,0,0,0,0,0,0,0,0,0,0,0,0,0,0,0,0,0,0,0,0,0,0,0,0,0,0,0,0,0,0,0,0,0,0,0,0,0,0,0,0,0,0,0,0,0,0,0,0,0,0,0,0,0,0,0,0,0,0,0,0,0,0
47,52,295,4.9259138107299805,62,1,1,1,1,1,1,1,16,1,8,1,17,1,10,1,1,1,3,1,17,1,1,1,21,1,17,1,5,1,1,1,22,1,18,1,7,1,1,1,7,1,1,1,8,1,14,1,7,1,1,1,14,1,1,1,4,1,20,1,15,1,3,0,0,0,0,0,0,0,0,0,0,0,0,0,0,0,0,0,0,0,0,0,0,0,0,0,0,0,0,0,0,0,0,0,0,0,0,0,0,0,0,0,0,0,0,0,0,0,0,0,0,0,0,0,0,0,0,0,0,0,0,0,0,0,0,0,0,0,0,0,0,0,0,0,0,0,0,0,0,0,0,0,0,0,0,0,0,0,0,0,0,0,0,0,0,0,0,0,0,0,0,0,0,0,0,0,0,0,0,0,0,0,0,0,0,0,0,0,0,0,0,0,0,0,0,0,0,0,0,0,0,0,0,0,0,0,0,0,0,0,0,0
48,53,326,5.984802961349487,59,1,1,3,1,1,1,1,24,1,6,2,1,1,20,1,1,1,21,2,30,1,5,1,1,1,3,3,2,1,29,1,8,1,1,1,1,1,21,2,1,1,20,2,9,1,1,1,19,1,1,1,15,1,8,1,18,1,7,1,0,0,0,0,0,0,0,0,0,0,0,0,0,0,0,0,0,0,0,0,0,0,0,0,0,0,0,0,0,0,0,0,0,0,0,0,0,0,0,0,0,0,0,0,0,0,0,0,0,0,0,0,0,0,0,0,0,0,0,0,0,0,0,0,0,0,0,0,0,0,0,0,0,0,0,0,0,0,0,0,0,0,0,0,0,0,0,0,0,0,0,0,0,0,0,0,0,0,0,0,0,0,0,0,0,0,0,0,0,0,0,0,0,0,0,0,0,0,0,0,0,0,0,0,0,0,0,0,0,0,0,0,0,0,0,0,0,0,0,0,0,0,0,0
49,54,162,5.815057039260864,36,1,1,1,1,1,1,1,21,1,6,1,18,1,10,1,1,1,16,1,9,1,6,1,1,1,21,1,7,1,16,2,1,1,3,2,2,0,0,0,0,0,0,0,0,0,0,0,0,0,0,0,0,0,0,0,0,0,0,0,0,0,0,0,0,0,0,0,0,0,0,0,0,0,0,0,0,0,0,0,0,0,0,0,0,0,0,0,0,0,0,0,0,0,0,0,0,0,0,0,0,0,0,0,0,0,0,0,0,0,0,0,0,0,0,0,0,0,0,0,0,0,0,0,0,0,0,0,0,0,0,0,0,0,0,0,0,0,0,0,0,0,0,0,0,0,0,0,0,0,0,0,0,0,0,0,0,0,0,0,0,0,0,0,0,0,0,0,0,0,0,0,0,0,0,0,0,0,0,0,0,0,0,0,0,0,0,0,0,0,0,0,0,0,0,0,0,0,0,0,0,0,0,0
50,55,292,6.946800947189331,67,1,1,1,1,1,1,1,12,1,11,1,4,1,1,1,18,1,1,1,10,1,11,1,1,1,1,1,24,1,2,1,14,1,13,1,1,1,16,1,5,1,17,1,12,1,9,1,2,1,1,1,12,1,1,1,6,2,2,1,16,1,4,1,7,1,1,1,0,0,0,0,0,0,0,0,0,0,0,0,0,0,0,0,0,0,0,0,0,0,0,0,0,0,0,0,0,0,0,0,0,0,0,0,0,0,0,0,0,0,0,0,0,0,0,0,0,0,0,0,0,0,0,0,0,0,0,0,0,0,0,0,0,0,0,0,0,0,0,0,0,0,0,0,0,0,0,0,0,0,0,0,0,0,0,0,0,0,0,0,0,0,0,0,0,0,0,0,0,0,0,0,0,0,0,0,0,0,0,0,0,0,0,0,0,0,0,0,0,0,0,0,0,0,0,0,0,0,0,0,0,0,0,0
51,56,353,5.87730598449707,78,1,1,1,1,1,1,1,8,1,14,1,21,1,5,1,9,1,1,1,20,1,9,1,9,1,20,1,1,1,4,2,2,1,8,1,13,1,20,1,3,1,4,1,1,1,19,1,1,1,9,1,1,1,10,1,2,1,1,1,29,1,3,1,1,1,8,1,13,1,19,1,4,1,14,1,2,1,1,0,0,0,0,0,0,0,0,0,0,0,0,0,0,0,0,0,0,0,0,0,0,0,0,0,0,0,0,0,0,0,0,0,0,0,0,0,0,0,0,0,0,0,0,0,0,0,0,0,0,0,0,0,0,0,0,0,0,0,0,0,0,0,0,0,0,0,0,0,0,0,0,0,0,0,0,0,0,0,0,0,0,0,0,0,0,0,0,0,0,0,0,0,0,0,0,0,0,0,0,0,0,0,0,0,0,0,0,0,0,0,0,0,0,0,0,0,0,0,0,0,0,0,0,0
52,57,507,8.029842853546143,99,1,1,2,1,1,1,1,20,2,23,1,9,1,1,1,10,1,7,1,1,1,5,1,1,1,21,1,5,1,1,1,3,1,10,1,1,1,20,1,10,2,1,1,20,1,10,1,1,1,11,1,12,1,17,1,10,2,1,1,27,1,9,1,6,1,2,1,1,1,24,1,15,2,8,1,1,1,26,1,13,1,12,1,1,1,14,1,9,1,20,1,8,1,9,1,1,1,1,1,0,0,0,0,0,0,0,0,0,0,0,0,0,0,0,0,0,0,0,0,0,0,0,0,0,0,0,0,0,0,0,0,0,0,0,0,0,0,0,0,0,0,0,0,0,0,0,0,0,0,0,0,0,0,0,0,0,0,0,0,0,0,0,0,0,0,0,0,0,0,0,0,0,0,0,0,0,0,0,0,0,0,0,0,0,0,0,0,0,0,0,0,0,0,0,0,0,0,0,0,0,0,0,0
53,58,355,11.47446608543396,70,1,1,1,2,1,1,1,8,1,17,1,21,1,1,1,5,1,1,1,24,1,15,1,4,2,1,1,18,1,1,1,19,1,3,1,15,1,1,1,23,1,4,1,1,1,13,1,1,1,25,1,16,1,11,1,1,1,12,1,14,1,14,1,12,1,10,1,2,1,1,0,0,0,0,0,0,0,0,0,0,0,0,0,0,0,0,0,0,0,0,0,0,0,0,0,0,0,0,0,0,0,0,0,0,0,0,0,0,0,0,0,0,0,0,0,0,0,0,0,0,0,0,0,0,0,0,0,0,0,0,0,0,0,0,0,0,0,0,0,0,0,0,0,0,0,0,0,0,0,0,0,0,0,0,0,0,0,0,0,0,0,0,0,0,0,0,0,0,0,0,0,0,0,0,0,0,0,0,0,0,0,0,0,0,0,0,0,0,0,0,0,0,0,0,0,0,0,0,0,0,0,0,0
54,6,280,12.089945077896118,54,1,1,1,1,1,1,1,23,1,15,1,1,1,7,1,2,1,16,1,1,1,19,1,2,1,8,1,1,1,22,1,4,1,16,1,17,1,1,1,12,1,11,1,16,1,15,1,1,1,1,1,22,1,16,0,0,0,0,0,0,0,0,0,0,0,0,0,0,0,0,0,0,0,0,0,0,0,0,0,0,0,0,0,0,0,0,0,0,0,0,0,0,0,0,0,0,0,0,0,0,0,0,0,0,0,0,0,0,0,0,0,0,0,0,0,0,0,0,0,0,0,0,0,0,0,0,0,0,0,0,0,0,0,0,0,0,0,0,0,0,0,0,0,0,0,0,0,0,0,0,0,0,0,0,0,0,0,0,0,0,0,0,0,0,0,0,0,0,0,0,0,0,0,0,0,0,0,0,0,0,0,0,0,0,0,0,0,0,0,0,0,0,0,0,0,0,0,0,0,0,0,0,0
55,7,357,19.283303022384644,75,1,1,1,1,1,1,1,11,2,2,1,24,1,1,1,15,1,22,1,1,1,8,1,17,1,8,2,3,1,15,1,6,1,4,1,1,1,25,1,1,3,2,1,23,1,10,1,1,1,5,1,1,1,8,1,16,1,5,1,1,1,20,1,1,1,23,1,4,1,1,1,16,1,9,1,0,0,0,0,0,0,0,0,0,0,0,0,0,0,0,0,0,0,0,0,0,0,0,0,0,0,0,0,0,0,0,0,0,0,0,0,0,0,0,0,0,0,0,0,0,0,0,0,0,0,0,0,0,0,0,0,0,0,0,0,0,0,0,0,0,0,0,0,0,0,0,0,0,0,0,0,0,0,0,0,0,0,0,0,0,0,0,0,0,0,0,0,0,0,0,0,0,0,0,0,0,0,0,0,0,0,0,0,0,0,0,0,0,0,0,0,0,0,0,0,0,0,0,0,0,0,0,0
56,8,454,20.251554012298584,91,1,1,1,2,1,1,1,20,1,9,1,1,1,18,1,1,1,15,1,8,1,25,1,10,2,2,1,3,1,1,1,11,1,1,1,22,1,3,1,18,1,5,1,1,1,18,1,3,1,3,1,1,1,22,1,16,1,9,1,20,1,2,1,1,1,9,1,1,1,9,1,11,1,21,1,8,1,4,1,1,1,21,1,17,1,1,1,15,1,1,1,0,0,0,0,0,0,0,0,0,0,0,0,0,0,0,0,0,0,0,0,0,0,0,0,0,0,0,0,0,0,0,0,0,0,0,0,0,0,0,0,0,0,0,0,0,0,0,0,0,0,0,0,0,0,0,0,0,0,0,0,0,0,0,0,0,0,0,0,0,0,0,0,0,0,0,0,0,0,0,0,0,0,0,0,0,0,0,0,0,0,0,0,0,0,0,0,0,0,0,0,0,0,0,0,0,0,0,0,0,0,0,0
57,9,306,11.03977084159851,60,1,1,1,1,1,1,1,9,1,10,1,1,1,9,1,1,1,23,1,22,1,18,2,1,1,22,1,6,1,1,1,8,1,16,1,16,2,1,1,9,1,13,1,19,1,4,1,6,1,1,1,13,1,1,1,24,1,3,1,13,0,0,0,0,0,0,0,0,0,0,0,0,0,0,0,0,0,0,0,0,0,0,0,0,0,0,0,0,0,0,0,0,0,0,0,0,0,0,0,0,0,0,0,0,0,0,0,0,0,0,0,0,0,0,0,0,0,0,0,0,0,0,0,0,0,0,0,0,0,0,0,0,0,0,0,0,0,0,0,0,0,0,0,0,0,0,0,0,0,0,0,0,0,0,0,0,0,0,0,0,0,0,0,0,0,0,0,0,0,0,0,0,0,0,0,0,0,0,0,0,0,0,0,0,0,0,0,0,0,0,0,0,0,0,0,0,0,0,0,0,0,0,0
