,label,size,time,nb_rounds,round1,round2,round3,round4,round5,round6,round7,round8,round9,round10,round11,round12,round13,round14,round15,round16,round17,round18,round19,round20,round21,round22,round23,round24,round25,round26,round27,round28,round29,round30,round31,round32,round33,round34,round35,round36,round37,round38,round39,round40,round41,round42,round43,round44,round45,round46,round47,round48,round49,round50,round51,round52,round53,round54,round55,round56,round57,round58,round59,round60,round61,round62,round63,round64,round65,round66,round67,round68,round69,round70,round71,round72,round73,round74,round75,round76,round77,round78,round79,round80,round81,round82,round83,round84,round85,round86,round87,round88,round89,round90,round91,round92,round93,round94,round95,round96,round97,round98,round99,round100,round101,round102,round103,round104,round105,round106,round107,round108,round109,round110,round111,round112,round113,round114,round115,round116,round117,round118,round119,round120,round121,round122,round123,round124,round125,round126,round127,round128,round129,round130,round131,round132,round133,round134,round135,round136,round137,round138,round139,round140,round141,round142,round143,round144,round145,round146,round147,round148,round149,round150,round151,round152,round153,round154,round155,round156,round157,round158,round159,round160,round161,round162,round163,round164,round165,round166,round167,round168,round169,round170,round171,round172,round173,round174,round175,round176,round177,round178,round179,round180,round181,round182,round183,round184,round185,round186,round187,round188,round189,round190,round191,round192,round193,round194,round195,round196,round197,round198,round199,round200,round201,round202,round203
0,1,461,30.51780390739441,87,1,1,1,1,1,1,1,25,1,6,1,15,1,8,2,2,1,24,1,10,1,1,1,27,1,12,1,7,1,16,1,1,1,14,1,1,1,9,1,14,1,10,1,1,2,16,1,8,1,22,1,6,1,1,1,12,1,1,1,3,1,6,1,1,1,24,1,15,1,7,3,2,1,25,1,1,1,1,1,17,1,7,1,20,1,11,1,0,0,0,0,0,0,0,0,0,0,0,0,0,0,0,0,0,0,0,0,0,0,0,0,0,0,0,0,0,0,0,0,0,0,0,0,0,0,0,0,0,0,0,0,0,0,0,0,0,0,0,0,0,0,0,0,0,0,0,0,0,0,0,0,0,0,0,0,0,0,0,0,0,0,0,0,0,0,0,0,0,0,0,0,0,0,0,0,0,0,0,0,0,0,0,0,0,0,0,0,0,0,0,0,0,0,0,0,0,0,0,0,0,0,0,0
1,10,137,10.819217920303345,29,1,1,1,1,2,1,1,24,1,22,1,18,1,1,1,4,1,1,1,19,1,1,1,12,1,4,1,1,1,0,0,0,0,0,0,0,0,0,0,0,0,0,0,0,0,0,0,0,0,0,0,0,0,0,0,0,0,0,0,0,0,0,0,0,0,0,0,0,0,0,0,0,0,0,0,0,0,0,0,0,0,0,0,0,0,0,0,0,0,0,0,0,0,0,0,0,0,0,0,0,0,0,0,0,0,0,0,0,0,0,0,0,0,0,0,0,0,0,0,0,0,0,0,0,0,0,0,0,0,0,0,0,0,0,0,0,0,0,0,0,0,0,0,0,0,0,0,0,0,0,0,0,0,0,0,0,0,0,0,0,0,0,0,0,0,0,0,0,0,0,0,0,0,0,0,0,0,0,0,0,0,0,0,0,0,0,0,0,0,0,0,0,0,0,0,0,0,0,0,0,0,0,0
2,100,479,7.9593729972839355,98,1,1,1,1,1,1,1,7,1,16,1,16,1,1,1,14,1,1,1,1,1,6,1,1,1,25,1,13,1,7,1,3,1,1,1,24,1,3,1,1,1,4,1,21,1,2,1,1,1,20,1,1,1,1,1,25,1,15,1,6,1,12,1,1,1,20,1,1,2,1,1,23,1,18,1,3,1,1,1,24,1,15,1,4,2,1,1,27,1,12,1,6,1,15,1,3,1,1,0,0,0,0,0,0,0,0,0,0,0,0,0,0,0,0,0,0,0,0,0,0,0,0,0,0,0,0,0,0,0,0,0,0,0,0,0,0,0,0,0,0,0,0,0,0,0,0,0,0,0,0,0,0,0,0,0,0,0,0,0,0,0,0,0,0,0,0,0,0,0,0,0,0,0,0,0,0,0,0,0,0,0,0,0,0,0,0,0,0,0,0,0,0,0,0,0,0,0,0,0,0,0,0,0
3,11,499,27.349814891815186,103,1,1,1,1,2,2,1,18,1,1,1,14,1,12,1,10,1,1,1,24,1,5,1,3,1,4,1,2,1,9,1,2,2,1,1,1,1,11,1,1,1,21,1,4,2,1,1,24,1,20,1,3,1,4,2,2,1,18,1,1,1,19,1,4,1,21,1,23,1,3,1,1,1,1,1,23,1,19,1,6,1,17,1,1,1,22,1,2,1,24,1,4,1,1,1,13,1,10,1,1,1,1,1,0,0,0,0,0,0,0,0,0,0,0,0,0,0,0,0,0,0,0,0,0,0,0,0,0,0,0,0,0,0,0,0,0,0,0,0,0,0,0,0,0,0,0,0,0,0,0,0,0,0,0,0,0,0,0,0,0,0,0,0,0,0,0,0,0,0,0,0,0,0,0,0,0,0,0,0,0,0,0,0,0,0,0,0,0,0,0,0,0,0,0,0,0,0,0,0,0,0,0,0
4,12,379,19.28770613670349,77,1,1,1,1,1,1,1,6,1,13,1,1,1,23,1,9,1,14,1,3,2,2,1,24,1,4,1,18,1,21,1,1,1,7,1,17,1,9,1,3,1,2,1,1,1,2,1,3,1,1,1,15,1,6,1,3,1,1,1,13,1,1,1,26,1,20,1,14,1,1,1,14,1,10,1,23,1,0,0,0,0,0,0,0,0,0,0,0,0,0,0,0,0,0,0,0,0,0,0,0,0,0,0,0,0,0,0,0,0,0,0,0,0,0,0,0,0,0,0,0,0,0,0,0,0,0,0,0,0,0,0,0,0,0,0,0,0,0,0,0,0,0,0,0,0,0,0,0,0,0,0,0,0,0,0,0,0,0,0,0,0,0,0,0,0,0,0,0,0,0,0,0,0,0,0,0,0,0,0,0,0,0,0,0,0,0,0,0,0,0,0,0,0,0,0,0,0,0,0,0,0,0,0
5,13,500,26.34175395965576,91,1,1,1,2,1,1,1,5,1,12,1,1,1,15,1,1,1,20,1,6,1,20,1,1,1,6,2,2,1,13,1,10,1,18,1,1,1,17,3,2,1,24,1,23,1,22,2,2,1,25,1,20,1,11,1,1,1,17,1,4,2,1,1,1,1,2,1,25,1,18,1,7,1,11,1,1,1,25,1,3,1,17,1,24,1,3,1,1,1,3,1,0,0,0,0,0,0,0,0,0,0,0,0,0,0,0,0,0,0,0,0,0,0,0,0,0,0,0,0,0,0,0,0,0,0,0,0,0,0,0,0,0,0,0,0,0,0,0,0,0,0,0,0,0,0,0,0,0,0,0,0,0,0,0,0,0,0,0,0,0,0,0,0,0,0,0,0,0,0,0,0,0,0,0,0,0,0,0,0,0,0,0,0,0,0,0,0,0,0,0,0,0,0,0,0,0,0,0,0,0,0,0,0
6,14,404,21.313798904418945,67,1,1,1,1,2,2,1,24,1,21,1,12,1,1,1,24,1,9,1,1,1,3,1,20,1,22,1,3,2,1,1,24,1,22,1,1,1,11,2,2,1,11,1,1,1,25,1,23,1,12,1,1,1,10,3,2,1,19,1,1,1,24,1,3,1,17,1,0,0,0,0,0,0,0,0,0,0,0,0,0,0,0,0,0,0,0,0,0,0,0,0,0,0,0,0,0,0,0,0,0,0,0,0,0,0,0,0,0,0,0,0,0,0,0,0,0,0,0,0,0,0,0,0,0,0,0,0,0,0,0,0,0,0,0,0,0,0,0,0,0,0,0,0,0,0,0,0,0,0,0,0,0,0,0,0,0,0,0,0,0,0,0,0,0,0,0,0,0,0,0,0,0,0,0,0,0,0,0,0,0,0,0,0,0,0,0,0,0,0,0,0,0,0,0,0,0,0,0,0,0,0,0,0
7,15,587,30.492625951766968,113,1,1,1,1,3,1,1,1,1,3,1,6,2,2,1,7,1,16,1,1,1,1,1,20,1,23,1,1,1,1,1,24,1,18,1,1,1,4,2,1,1,1,1,1,1,28,1,21,1,18,1,1,1,6,1,18,1,23,1,7,1,7,1,1,1,23,1,4,1,1,1,13,1,11,1,10,1,1,1,24,1,20,1,18,2,1,1,1,1,1,1,7,1,19,1,15,2,2,1,16,1,7,1,21,1,11,3,2,1,11,1,1,1,0,0,0,0,0,0,0,0,0,0,0,0,0,0,0,0,0,0,0,0,0,0,0,0,0,0,0,0,0,0,0,0,0,0,0,0,0,0,0,0,0,0,0,0,0,0,0,0,0,0,0,0,0,0,0,0,0,0,0,0,0,0,0,0,0,0,0,0,0,0,0,0,0,0,0,0,0,0,0,0,0,0,0,0,0,0,0,0,0,0
8,16,372,21.893850088119507,84,2,1,1,1,1,1,2,4,1,4,1,7,1,12,3,2,1,26,1,8,1,3,1,1,1,23,1,20,1,4,1,1,1,1,1,7,1,1,1,24,1,12,1,11,1,1,1,3,1,1,1,23,1,7,1,12,1,3,1,1,1,6,2,2,1,7,1,1,1,18,1,6,1,21,1,13,1,1,1,7,1,16,1,1,0,0,0,0,0,0,0,0,0,0,0,0,0,0,0,0,0,0,0,0,0,0,0,0,0,0,0,0,0,0,0,0,0,0,0,0,0,0,0,0,0,0,0,0,0,0,0,0,0,0,0,0,0,0,0,0,0,0,0,0,0,0,0,0,0,0,0,0,0,0,0,0,0,0,0,0,0,0,0,0,0,0,0,0,0,0,0,0,0,0,0,0,0,0,0,0,0,0,0,0,0,0,0,0,0,0,0,0,0,0,0,0,0,0,0,0,0,0,0
9,17,558,33.54393196105957,111,1,1,1,1,1,1,1,3,1,3,1,1,1,6,2,2,1,25,1,11,1,7,1,1,2,1,1,1,1,26,1,13,1,8,1,21,1,1,1,19,1,4,1,21,1,11,1,1,1,9,1,14,1,8,2,2,1,23,1,1,1,3,1,2,1,1,1,26,1,13,1,3,1,1,1,6,1,1,1,23,1,12,1,1,1,3,1,23,1,21,1,1,2,1,1,25,1,3,1,1,1,24,1,1,1,18,1,1,1,26,1,0,0,0,0,0,0,0,0,0,0,0,0,0,0,0,0,0,0,0,0,0,0,0,0,0,0,0,0,0,0,0,0,0,0,0,0,0,0,0,0,0,0,0,0,0,0,0,0,0,0,0,0,0,0,0,0,0,0,0,0,0,0,0,0,0,0,0,0,0,0,0,0,0,0,0,0,0,0,0,0,0,0,0,0,0,0,0,0,0,0,0,0
10,18,460,23.25516104698181,91,1,1,1,1,1,1,1,18,1,7,1,22,1,18,1,5,2,2,2,1,1,1,1,15,1,2,1,5,1,10,1,15,1,6,1,22,1,1,1,21,3,2,1,11,1,1,1,10,1,1,1,23,1,2,1,20,1,29,1,3,1,1,2,4,1,1,1,1,1,23,1,9,1,1,1,10,1,16,1,22,1,6,1,15,1,1,1,16,1,1,1,0,0,0,0,0,0,0,0,0,0,0,0,0,0,0,0,0,0,0,0,0,0,0,0,0,0,0,0,0,0,0,0,0,0,0,0,0,0,0,0,0,0,0,0,0,0,0,0,0,0,0,0,0,0,0,0,0,0,0,0,0,0,0,0,0,0,0,0,0,0,0,0,0,0,0,0,0,0,0,0,0,0,0,0,0,0,0,0,0,0,0,0,0,0,0,0,0,0,0,0,0,0,0,0,0,0,0,0,0,0,0,0
11,19,535,24.83081889152527,95,1,1,1,1,1,1,1,24,1,8,1,17,1,9,1,1,1,22,1,5,1,19,1,21,1,3,1,1,1,1,1,25,1,19,1,1,1,4,2,2,1,24,1,4,1,17,1,5,2,1,1,1,1,1,1,14,2,2,1,14,1,10,1,10,2,2,1,27,1,18,1,1,1,26,1,10,1,1,1,28,1,11,1,8,1,22,1,2,1,1,1,9,1,14,1,0,0,0,0,0,0,0,0,0,0,0,0,0,0,0,0,0,0,0,0,0,0,0,0,0,0,0,0,0,0,0,0,0,0,0,0,0,0,0,0,0,0,0,0,0,0,0,0,0,0,0,0,0,0,0,0,0,0,0,0,0,0,0,0,0,0,0,0,0,0,0,0,0,0,0,0,0,0,0,0,0,0,0,0,0,0,0,0,0,0,0,0,0,0,0,0,0,0,0,0,0,0,0,0,0,0,0,0
12,2,456,29.457617044448853,109,1,1,1,1,1,1,1,3,1,5,1,1,1,7,1,1,1,25,2,1,1,9,1,18,1,19,1,7,1,1,1,6,1,19,1,15,1,1,1,14,1,13,1,23,1,4,1,1,1,6,1,20,1,26,1,5,1,2,1,1,1,10,1,1,1,1,2,2,1,26,1,5,1,10,1,1,1,24,1,8,1,1,1,6,1,4,1,1,1,7,1,8,3,1,1,1,1,7,1,1,1,3,2,1,1,1,1,2,1,0,0,0,0,0,0,0,0,0,0,0,0,0,0,0,0,0,0,0,0,0,0,0,0,0,0,0,0,0,0,0,0,0,0,0,0,0,0,0,0,0,0,0,0,0,0,0,0,0,0,0,0,0,0,0,0,0,0,0,0,0,0,0,0,0,0,0,0,0,0,0,0,0,0,0,0,0,0,0,0,0,0,0,0,0,0,0,0,0,0,0,0,0,0
13,20,313,4.732594966888428,58,1,1,1,1,1,1,1,29,1,11,1,7,1,14,1,1,1,1,1,13,1,1,1,4,1,26,1,16,1,11,1,1,1,23,1,10,1,11,1,1,1,1,1,24,1,9,1,20,1,13,1,1,1,10,1,15,1,7,0,0,0,0,0,0,0,0,0,0,0,0,0,0,0,0,0,0,0,0,0,0,0,0,0,0,0,0,0,0,0,0,0,0,0,0,0,0,0,0,0,0,0,0,0,0,0,0,0,0,0,0,0,0,0,0,0,0,0,0,0,0,0,0,0,0,0,0,0,0,0,0,0,0,0,0,0,0,0,0,0,0,0,0,0,0,0,0,0,0,0,0,0,0,0,0,0,0,0,0,0,0,0,0,0,0,0,0,0,0,0,0,0,0,0,0,0,0,0,0,0,0,0,0,0,0,0,0,0,0,0,0,0,0,0,0,0,0,0,0,0,0,0,0,0
14,21,248,6.9481329917907715,60,1,1,2,2,1,1,1,1,1,4,1,3,1,2,1,1,2,1,1,1,1,2,1,1,1,31,1,17,2,11,1,1,1,2,1,1,1,31,1,12,1,1,1,27,1,12,1,3,1,1,1,26,1,5,1,9,1,3,1,1,0,0,0,0,0,0,0,0,0,0,0,0,0,0,0,0,0,0,0,0,0,0,0,0,0,0,0,0,0,0,0,0,0,0,0,0,0,0,0,0,0,0,0,0,0,0,0,0,0,0,0,0,0,0,0,0,0,0,0,0,0,0,0,0,0,0,0,0,0,0,0,0,0,0,0,0,0,0,0,0,0,0,0,0,0,0,0,0,0,0,0,0,0,0,0,0,0,0,0,0,0,0,0,0,0,0,0,0,0,0,0,0,0,0,0,0,0,0,0,0,0,0,0,0,0,0,0,0,0,0,0,0,0,0,0,0,0,0,0,0,0,0,0
15,22,333,8.028597116470337,65,1,1,1,2,1,1,1,21,2,4,1,1,1,25,1,14,1,4,1,13,1,1,1,11,1,1,1,9,1,1,1,6,1,20,1,17,1,4,1,17,1,1,1,1,1,24,2,12,1,1,1,21,1,1,1,11,1,9,1,10,1,1,1,20,2,0,0,0,0,0,0,0,0,0,0,0,0,0,0,0,0,0,0,0,0,0,0,0,0,0,0,0,0,0,0,0,0,0,0,0,0,0,0,0,0,0,0,0,0,0,0,0,0,0,0,0,0,0,0,0,0,0,0,0,0,0,0,0,0,0,0,0,0,0,0,0,0,0,0,0,0,0,0,0,0,0,0,0,0,0,0,0,0,0,0,0,0,0,0,0,0,0,0,0,0,0,0,0,0,0,0,0,0,0,0,0,0,0,0,0,0,0,0,0,0,0,0,0,0,0,0,0,0,0,0,0,0,0,0,0,0,0,0
16,23,345,7.9857800006866455,77,1,1,1,1,1,1,1,15,1,11,1,22,1,4,1,1,1,1,1,24,1,20,1,4,1,5,1,1,1,21,1,7,1,15,1,15,1,3,1,1,1,6,1,3,1,1,1,24,1,13,1,2,1,1,1,10,1,1,1,3,2,2,1,23,1,10,1,11,1,18,1,1,1,1,1,1,1,0,0,0,0,0,0,0,0,0,0,0,0,0,0,0,0,0,0,0,0,0,0,0,0,0,0,0,0,0,0,0,0,0,0,0,0,0,0,0,0,0,0,0,0,0,0,0,0,0,0,0,0,0,0,0,0,0,0,0,0,0,0,0,0,0,0,0,0,0,0,0,0,0,0,0,0,0,0,0,0,0,0,0,0,0,0,0,0,0,0,0,0,0,0,0,0,0,0,0,0,0,0,0,0,0,0,0,0,0,0,0,0,0,0,0,0,0,0,0,0,0,0,0,0,0,0
17,24,446,7.794404983520508,88,1,1,1,2,1,1,1,11,1,13,2,1,1,20,1,1,1,6,1,20,1,18,1,7,1,3,1,1,1,22,1,17,1,4,1,18,1,1,2,1,1,1,1,1,1,18,1,3,2,1,1,25,1,13,1,8,1,13,1,1,1,20,1,6,1,16,1,7,1,1,1,12,1,16,1,9,1,1,1,15,1,10,1,20,1,10,1,3,0,0,0,0,0,0,0,0,0,0,0,0,0,0,0,0,0,0,0,0,0,0,0,0,0,0,0,0,0,0,0,0,0,0,0,0,0,0,0,0,0,0,0,0,0,0,0,0,0,0,0,0,0,0,0,0,0,0,0,0,0,0,0,0,0,0,0,0,0,0,0,0,0,0,0,0,0,0,0,0,0,0,0,0,0,0,0,0,0,0,0,0,0,0,0,0,0,0,0,0,0,0,0,0,0,0,0,0,0,0,0,0,0,0,0
18,25,551,13.079965829849243,100,1,1,1,1,1,1,1,21,2,1,1,13,1,16,1,14,1,4,1,1,1,10,1,13,1,9,1,1,1,20,2,1,1,24,1,12,1,1,1,4,1,21,1,22,2,1,1,15,1,1,1,26,1,14,1,1,1,23,3,2,1,3,1,23,1,19,2,3,1,1,1,13,1,2,1,23,1,6,1,12,1,1,1,26,1,6,1,12,1,1,1,23,1,10,1,12,1,3,1,1,0,0,0,0,0,0,0,0,0,0,0,0,0,0,0,0,0,0,0,0,0,0,0,0,0,0,0,0,0,0,0,0,0,0,0,0,0,0,0,0,0,0,0,0,0,0,0,0,0,0,0,0,0,0,0,0,0,0,0,0,0,0,0,0,0,0,0,0,0,0,0,0,0,0,0,0,0,0,0,0,0,0,0,0,0,0,0,0,0,0,0,0,0,0,0,0,0,0,0,0,0,0,0
19,26,319,11.069145917892456,68,1,1,1,2,1,1,1,26,1,5,2,1,1,24,1,19,1,1,1,1,1,19,1,1,1,26,1,8,1,1,1,16,1,1,1,20,1,1,3,2,1,21,1,21,2,3,1,1,1,21,1,1,1,3,1,1,1,6,1,1,1,7,1,2,1,1,1,15,0,0,0,0,0,0,0,0,0,0,0,0,0,0,0,0,0,0,0,0,0,0,0,0,0,0,0,0,0,0,0,0,0,0,0,0,0,0,0,0,0,0,0,0,0,0,0,0,0,0,0,0,0,0,0,0,0,0,0,0,0,0,0,0,0,0,0,0,0,0,0,0,0,0,0,0,0,0,0,0,0,0,0,0,0,0,0,0,0,0,0,0,0,0,0,0,0,0,0,0,0,0,0,0,0,0,0,0,0,0,0,0,0,0,0,0,0,0,0,0,0,0,0,0,0,0,0,0,0,0,0,0,0,0,0
20,27,426,8.018624067306519,72,1,1,2,1,1,1,1,25,1,20,2,18,1,1,1,20,1,5,1,25,1,4,1,1,1,7,1,11,1,1,1,23,1,15,1,2,1,8,1,1,1,25,1,17,1,8,2,2,1,19,1,8,1,16,1,7,1,1,1,10,1,14,1,20,1,10,1,13,3,2,1,22,0,0,0,0,0,0,0,0,0,0,0,0,0,0,0,0,0,0,0,0,0,0,0,0,0,0,0,0,0,0,0,0,0,0,0,0,0,0,0,0,0,0,0,0,0,0,0,0,0,0,0,0,0,0,0,0,0,0,0,0,0,0,0,0,0,0,0,0,0,0,0,0,0,0,0,0,0,0,0,0,0,0,0,0,0,0,0,0,0,0,0,0,0,0,0,0,0,0,0,0,0,0,0,0,0,0,0,0,0,0,0,0,0,0,0,0,0,0,0,0,0,0,0,0,0,0,0,0,0,0,0
21,28,325,6.828629016876221,64,1,1,1,1,1,1,1,26,1,6,1,1,2,1,1,1,1,26,1,3,1,1,1,6,1,17,1,31,1,7,1,1,1,27,1,7,1,20,1,9,1,1,1,1,1,12,1,13,1,8,1,1,1,29,2,3,1,1,1,23,1,1,3,2,0,0,0,0,0,0,0,0,0,0,0,0,0,0,0,0,0,0,0,0,0,0,0,0,0,0,0,0,0,0,0,0,0,0,0,0,0,0,0,0,0,0,0,0,0,0,0,0,0,0,0,0,0,0,0,0,0,0,0,0,0,0,0,0,0,0,0,0,0,0,0,0,0,0,0,0,0,0,0,0,0,0,0,0,0,0,0,0,0,0,0,0,0,0,0,0,0,0,0,0,0,0,0,0,0,0,0,0,0,0,0,0,0,0,0,0,0,0,0,0,0,0,0,0,0,0,0,0,0,0,0,0,0,0,0,0,0,0,0
22,29,530,10.073782920837402,99,1,1,1,2,1,1,1,16,1,1,1,15,1,8,1,20,1,4,2,2,1,3,1,24,1,21,2,17,2,1,1,23,1,10,1,10,1,1,2,1,1,1,1,24,1,1,1,3,1,1,1,25,1,16,1,2,1,19,1,2,1,1,1,26,2,19,1,16,1,3,2,1,1,25,1,5,1,1,1,13,1,13,1,18,1,6,1,8,1,1,1,25,1,1,2,1,1,11,1,0,0,0,0,0,0,0,0,0,0,0,0,0,0,0,0,0,0,0,0,0,0,0,0,0,0,0,0,0,0,0,0,0,0,0,0,0,0,0,0,0,0,0,0,0,0,0,0,0,0,0,0,0,0,0,0,0,0,0,0,0,0,0,0,0,0,0,0,0,0,0,0,0,0,0,0,0,0,0,0,0,0,0,0,0,0,0,0,0,0,0,0,0,0,0,0,0,0,0,0,0,0,0,0
23,3,576,31.547921895980835,113,1,1,1,1,2,2,1,22,1,7,1,3,1,1,1,25,1,15,1,1,1,5,1,19,1,21,1,4,1,6,1,1,1,19,1,1,1,23,1,4,1,22,1,9,1,1,1,11,1,16,1,1,1,1,1,23,1,8,1,16,1,9,1,1,1,21,1,4,1,26,1,13,1,1,1,9,1,1,1,1,1,25,1,3,1,1,2,1,1,1,1,17,1,5,1,21,1,4,1,1,1,10,1,14,1,21,1,11,1,3,1,1,1,0,0,0,0,0,0,0,0,0,0,0,0,0,0,0,0,0,0,0,0,0,0,0,0,0,0,0,0,0,0,0,0,0,0,0,0,0,0,0,0,0,0,0,0,0,0,0,0,0,0,0,0,0,0,0,0,0,0,0,0,0,0,0,0,0,0,0,0,0,0,0,0,0,0,0,0,0,0,0,0,0,0,0,0,0,0,0,0,0,0
24,30,292,6.89607310295105,61,1,1,1,1,1,1,1,27,1,14,2,4,1,1,1,22,1,12,1,11,1,12,1,1,2,21,1,9,1,10,1,1,1,13,1,1,1,9,1,12,3,1,1,1,1,1,1,8,1,1,1,23,1,6,1,3,1,1,1,22,1,0,0,0,0,0,0,0,0,0,0,0,0,0,0,0,0,0,0,0,0,0,0,0,0,0,0,0,0,0,0,0,0,0,0,0,0,0,0,0,0,0,0,0,0,0,0,0,0,0,0,0,0,0,0,0,0,0,0,0,0,0,0,0,0,0,0,0,0,0,0,0,0,0,0,0,0,0,0,0,0,0,0,0,0,0,0,0,0,0,0,0,0,0,0,0,0,0,0,0,0,0,0,0,0,0,0,0,0,0,0,0,0,0,0,0,0,0,0,0,0,0,0,0,0,0,0,0,0,0,0,0,0,0,0,0,0,0,0,0,0,0,0
25,31,453,9.013817071914673,88,1,1,1,1,1,1,1,10,1,13,1,3,1,1,1,31,1,2,1,15,1,13,1,3,1,1,1,3,1,10,1,1,1,26,1,10,1,13,1,4,1,1,1,23,1,4,1,2,1,1,1,25,1,5,1,1,1,9,1,15,1,21,1,4,1,12,1,1,1,28,1,9,1,4,2,1,1,15,1,1,1,22,1,2,1,23,1,16,0,0,0,0,0,0,0,0,0,0,0,0,0,0,0,0,0,0,0,0,0,0,0,0,0,0,0,0,0,0,0,0,0,0,0,0,0,0,0,0,0,0,0,0,0,0,0,0,0,0,0,0,0,0,0,0,0,0,0,0,0,0,0,0,0,0,0,0,0,0,0,0,0,0,0,0,0,0,0,0,0,0,0,0,0,0,0,0,0,0,0,0,0,0,0,0,0,0,0,0,0,0,0,0,0,0,0,0,0,0,0,0,0,0,0
26,32,377,9.04219913482666,69,1,1,1,1,1,1,1,16,1,8,1,8,1,1,1,23,1,12,1,1,1,18,1,1,1,19,1,8,1,19,1,9,1,3,1,1,1,29,1,12,1,3,1,10,1,1,1,22,1,8,1,20,1,1,1,19,1,6,1,5,1,1,1,22,1,9,1,8,1,0,0,0,0,0,0,0,0,0,0,0,0,0,0,0,0,0,0,0,0,0,0,0,0,0,0,0,0,0,0,0,0,0,0,0,0,0,0,0,0,0,0,0,0,0,0,0,0,0,0,0,0,0,0,0,0,0,0,0,0,0,0,0,0,0,0,0,0,0,0,0,0,0,0,0,0,0,0,0,0,0,0,0,0,0,0,0,0,0,0,0,0,0,0,0,0,0,0,0,0,0,0,0,0,0,0,0,0,0,0,0,0,0,0,0,0,0,0,0,0,0,0,0,0,0,0,0,0,0,0,0,0,0,0
27,33,284,10.941817998886108,60,1,1,2,1,1,1,1,7,1,1,1,8,1,16,1,17,1,8,1,14,2,1,1,24,1,1,1,17,1,10,1,1,1,17,1,8,1,14,1,20,1,3,1,1,1,1,1,10,1,1,1,24,1,2,1,17,1,4,1,1,0,0,0,0,0,0,0,0,0,0,0,0,0,0,0,0,0,0,0,0,0,0,0,0,0,0,0,0,0,0,0,0,0,0,0,0,0,0,0,0,0,0,0,0,0,0,0,0,0,0,0,0,0,0,0,0,0,0,0,0,0,0,0,0,0,0,0,0,0,0,0,0,0,0,0,0,0,0,0,0,0,0,0,0,0,0,0,0,0,0,0,0,0,0,0,0,0,0,0,0,0,0,0,0,0,0,0,0,0,0,0,0,0,0,0,0,0,0,0,0,0,0,0,0,0,0,0,0,0,0,0,0,0,0,0,0,0,0,0,0,0,0,0
28,34,276,6.858237028121948,56,1,1,1,2,1,1,1,26,1,22,1,13,2,2,1,19,1,1,1,8,1,3,1,1,1,24,1,3,1,1,1,15,1,1,1,1,1,25,1,8,1,1,1,9,1,18,1,9,1,1,1,18,1,11,1,2,0,0,0,0,0,0,0,0,0,0,0,0,0,0,0,0,0,0,0,0,0,0,0,0,0,0,0,0,0,0,0,0,0,0,0,0,0,0,0,0,0,0,0,0,0,0,0,0,0,0,0,0,0,0,0,0,0,0,0,0,0,0,0,0,0,0,0,0,0,0,0,0,0,0,0,0,0,0,0,0,0,0,0,0,0,0,0,0,0,0,0,0,0,0,0,0,0,0,0,0,0,0,0,0,0,0,0,0,0,0,0,0,0,0,0,0,0,0,0,0,0,0,0,0,0,0,0,0,0,0,0,0,0,0,0,0,0,0,0,0,0,0,0,0,0,0,0
29,35,232,5.977657794952393,47,1,1,1,1,1,1,1,19,1,8,1,12,1,1,1,9,1,1,1,9,1,6,1,1,1,25,1,14,2,1,1,13,1,1,1,28,1,6,1,18,1,13,2,1,1,7,1,0,0,0,0,0,0,0,0,0,0,0,0,0,0,0,0,0,0,0,0,0,0,0,0,0,0,0,0,0,0,0,0,0,0,0,0,0,0,0,0,0,0,0,0,0,0,0,0,0,0,0,0,0,0,0,0,0,0,0,0,0,0,0,0,0,0,0,0,0,0,0,0,0,0,0,0,0,0,0,0,0,0,0,0,0,0,0,0,0,0,0,0,0,0,0,0,0,0,0,0,0,0,0,0,0,0,0,0,0,0,0,0,0,0,0,0,0,0,0,0,0,0,0,0,0,0,0,0,0,0,0,0,0,0,0,0,0,0,0,0,0,0,0,0,0,0,0,0,0,0,0,0,0,0,0,0
30,36,534,12.96377420425415,112,1,1,1,1,1,1,1,20,1,6,1,22,1,10,1,1,1,3,1,20,1,19,1,1,1,3,1,21,2,1,1,10,1,1,1,11,1,1,1,6,1,7,1,1,1,15,1,1,1,20,1,7,1,23,1,13,1,2,1,1,1,1,1,22,1,10,1,1,1,13,1,13,1,16,1,1,1,7,1,21,1,24,2,10,1,2,2,1,1,1,1,1,1,6,1,1,1,9,1,1,1,16,1,8,1,22,1,9,1,7,1,2,0,0,0,0,0,0,0,0,0,0,0,0,0,0,0,0,0,0,0,0,0,0,0,0,0,0,0,0,0,0,0,0,0,0,0,0,0,0,0,0,0,0,0,0,0,0,0,0,0,0,0,0,0,0,0,0,0,0,0,0,0,0,0,0,0,0,0,0,0,0,0,0,0,0,0,0,0,0,0,0,0,0,0,0,0,0,0,0,0,0,0
31,37,350,8.878135919570923,76,1,1,1,1,1,1,1,25,1,13,1,7,1,1,1,1,1,20,1,12,1,15,1,13,2,1,1,13,1,4,1,1,1,21,1,1,1,17,1,10,1,20,1,11,2,1,1,16,1,1,1,15,1,1,1,7,1,1,2,1,1,1,1,7,1,22,1,12,1,1,1,10,1,2,1,1,0,0,0,0,0,0,0,0,0,0,0,0,0,0,0,0,0,0,0,0,0,0,0,0,0,0,0,0,0,0,0,0,0,0,0,0,0,0,0,0,0,0,0,0,0,0,0,0,0,0,0,0,0,0,0,0,0,0,0,0,0,0,0,0,0,0,0,0,0,0,0,0,0,0,0,0,0,0,0,0,0,0,0,0,0,0,0,0,0,0,0,0,0,0,0,0,0,0,0,0,0,0,0,0,0,0,0,0,0,0,0,0,0,0,0,0,0,0,0,0,0,0,0,0,0,0,0
32,38,503,9.769535064697266,88,1,1,2,2,1,1,1,23,1,15,1,7,1,14,1,2,1,13,1,1,1,12,1,13,1,24,1,2,1,13,1,1,1,1,1,25,1,2,1,25,1,1,1,1,1,19,1,7,1,21,1,11,2,1,1,13,1,1,1,28,1,3,2,1,1,22,1,21,1,18,1,1,1,24,1,1,1,8,1,1,1,20,1,11,2,1,1,22,0,0,0,0,0,0,0,0,0,0,0,0,0,0,0,0,0,0,0,0,0,0,0,0,0,0,0,0,0,0,0,0,0,0,0,0,0,0,0,0,0,0,0,0,0,0,0,0,0,0,0,0,0,0,0,0,0,0,0,0,0,0,0,0,0,0,0,0,0,0,0,0,0,0,0,0,0,0,0,0,0,0,0,0,0,0,0,0,0,0,0,0,0,0,0,0,0,0,0,0,0,0,0,0,0,0,0,0,0,0,0,0,0,0,0
33,39,404,11.713977098464966,88,1,1,2,2,1,1,1,3,1,21,1,16,1,1,1,7,1,16,1,10,1,1,1,1,1,19,1,4,1,21,1,18,1,1,2,1,1,3,1,1,2,1,1,1,1,14,1,1,1,29,2,11,1,21,1,1,2,1,1,2,1,27,1,14,1,11,1,1,1,1,1,1,1,2,1,3,2,2,1,13,2,2,1,21,2,22,1,1,0,0,0,0,0,0,0,0,0,0,0,0,0,0,0,0,0,0,0,0,0,0,0,0,0,0,0,0,0,0,0,0,0,0,0,0,0,0,0,0,0,0,0,0,0,0,0,0,0,0,0,0,0,0,0,0,0,0,0,0,0,0,0,0,0,0,0,0,0,0,0,0,0,0,0,0,0,0,0,0,0,0,0,0,0,0,0,0,0,0,0,0,0,0,0,0,0,0,0,0,0,0,0,0,0,0,0,0,0,0,0,0,0,0,0
34,4,104,11.860253095626831,29,1,1,1,1,1,1,1,18,1,5,1,1,1,10,1,1,1,5,1,1,1,25,1,4,1,10,2,2,1,0,0,0,0,0,0,0,0,0,0,0,0,0,0,0,0,0,0,0,0,0,0,0,0,0,0,0,0,0,0,0,0,0,0,0,0,0,0,0,0,0,0,0,0,0,0,0,0,0,0,0,0,0,0,0,0,0,0,0,0,0,0,0,0,0,0,0,0,0,0,0,0,0,0,0,0,0,0,0,0,0,0,0,0,0,0,0,0,0,0,0,0,0,0,0,0,0,0,0,0,0,0,0,0,0,0,0,0,0,0,0,0,0,0,0,0,0,0,0,0,0,0,0,0,0,0,0,0,0,0,0,0,0,0,0,0,0,0,0,0,0,0,0,0,0,0,0,0,0,0,0,0,0,0,0,0,0,0,0,0,0,0,0,0,0,0,0,0,0,0,0,0,0,0
35,40,62,2.7336909770965576,18,1,1,1,1,1,1,1,9,1,5,1,1,1,21,1,11,2,1,0,0,0,0,0,0,0,0,0,0,0,0,0,0,0,0,0,0,0,0,0,0,0,0,0,0,0,0,0,0,0,0,0,0,0,0,0,0,0,0,0,0,0,0,0,0,0,0,0,0,0,0,0,0,0,0,0,0,0,0,0,0,0,0,0,0,0,0,0,0,0,0,0,0,0,0,0,0,0,0,0,0,0,0,0,0,0,0,0,0,0,0,0,0,0,0,0,0,0,0,0,0,0,0,0,0,0,0,0,0,0,0,0,0,0,0,0,0,0,0,0,0,0,0,0,0,0,0,0,0,0,0,0,0,0,0,0,0,0,0,0,0,0,0,0,0,0,0,0,0,0,0,0,0,0,0,0,0,0,0,0,0,0,0,0,0,0,0,0,0,0,0,0,0,0,0,0,0,0,0,0,0,0,0,0
36,41,602,15.097409009933472,113,1,1,1,1,1,1,1,20,1,1,1,16,1,1,1,1,1,23,1,21,1,4,1,1,1,24,1,17,1,4,1,16,1,1,1,7,2,2,1,13,1,1,1,3,1,6,1,1,1,25,1,14,1,3,1,1,1,21,1,11,1,20,1,10,1,4,1,1,1,6,1,17,1,20,1,13,1,6,1,1,1,1,1,28,2,14,2,2,1,26,1,4,1,10,1,1,1,21,1,1,1,19,1,5,1,16,1,1,1,20,1,6,1,0,0,0,0,0,0,0,0,0,0,0,0,0,0,0,0,0,0,0,0,0,0,0,0,0,0,0,0,0,0,0,0,0,0,0,0,0,0,0,0,0,0,0,0,0,0,0,0,0,0,0,0,0,0,0,0,0,0,0,0,0,0,0,0,0,0,0,0,0,0,0,0,0,0,0,0,0,0,0,0,0,0,0,0,0,0,0,0,0,0
37,42,170,6.865179061889648,44,1,1,1,2,1,1,1,24,1,10,1,12,1,20,1,1,1,1,2,3,1,3,1,2,1,1,1,9,2,1,1,1,1,2,1,29,1,2,1,1,1,9,1,10,0,0,0,0,0,0,0,0,0,0,0,0,0,0,0,0,0,0,0,0,0,0,0,0,0,0,0,0,0,0,0,0,0,0,0,0,0,0,0,0,0,0,0,0,0,0,0,0,0,0,0,0,0,0,0,0,0,0,0,0,0,0,0,0,0,0,0,0,0,0,0,0,0,0,0,0,0,0,0,0,0,0,0,0,0,0,0,0,0,0,0,0,0,0,0,0,0,0,0,0,0,0,0,0,0,0,0,0,0,0,0,0,0,0,0,0,0,0,0,0,0,0,0,0,0,0,0,0,0,0,0,0,0,0,0,0,0,0,0,0,0,0,0,0,0,0,0,0,0,0,0,0,0,0,0,0,0,0,0
38,43,324,6.8778181076049805,62,1,1,2,1,1,1,1,26,1,3,1,7,1,1,1,18,1,1,1,12,1,15,1,16,1,8,1,8,1,1,1,25,1,7,1,4,2,2,1,21,1,16,1,3,1,8,1,1,1,27,1,6,1,18,1,14,1,1,1,10,1,8,0,0,0,0,0,0,0,0,0,0,0,0,0,0,0,0,0,0,0,0,0,0,0,0,0,0,0,0,0,0,0,0,0,0,0,0,0,0,0,0,0,0,0,0,0,0,0,0,0,0,0,0,0,0,0,0,0,0,0,0,0,0,0,0,0,0,0,0,0,0,0,0,0,0,0,0,0,0,0,0,0,0,0,0,0,0,0,0,0,0,0,0,0,0,0,0,0,0,0,0,0,0,0,0,0,0,0,0,0,0,0,0,0,0,0,0,0,0,0,0,0,0,0,0,0,0,0,0,0,0,0,0,0,0,0,0,0,0,0,0,0
39,44,443,11.07277798652649,95,1,1,1,1,1,1,1,3,1,20,1,7,1,1,1,21,1,6,1,20,1,12,1,1,1,3,1,21,1,20,1,6,1,13,1,1,1,10,1,1,1,18,1,11,1,21,1,4,1,1,1,2,1,1,1,2,2,1,1,5,1,1,1,13,2,2,1,23,1,1,2,1,1,32,1,3,1,1,1,10,1,17,1,16,1,7,1,8,1,1,1,7,1,1,1,0,0,0,0,0,0,0,0,0,0,0,0,0,0,0,0,0,0,0,0,0,0,0,0,0,0,0,0,0,0,0,0,0,0,0,0,0,0,0,0,0,0,0,0,0,0,0,0,0,0,0,0,0,0,0,0,0,0,0,0,0,0,0,0,0,0,0,0,0,0,0,0,0,0,0,0,0,0,0,0,0,0,0,0,0,0,0,0,0,0,0,0,0,0,0,0,0,0,0,0,0,0,0,0,0,0,0,0
40,45,698,13.037837982177734,125,1,1,2,1,1,1,1,12,1,18,1,22,1,8,2,1,1,13,1,1,1,20,1,6,1,18,1,1,1,22,1,1,1,14,1,1,1,24,1,2,1,20,1,8,1,1,2,1,1,6,1,14,1,5,1,24,1,6,1,1,1,6,1,24,1,17,1,3,1,12,1,1,1,1,1,23,1,5,1,18,1,16,1,1,1,11,1,13,1,20,1,1,2,2,1,3,1,23,1,28,2,2,1,1,1,24,1,15,1,9,1,11,1,1,1,20,1,1,1,26,1,9,1,5,1,0,0,0,0,0,0,0,0,0,0,0,0,0,0,0,0,0,0,0,0,0,0,0,0,0,0,0,0,0,0,0,0,0,0,0,0,0,0,0,0,0,0,0,0,0,0,0,0,0,0,0,0,0,0,0,0,0,0,0,0,0,0,0,0,0,0,0,0,0,0,0,0,0,0,0,0,0,0
41,46,327,7.8897178173065186,66,1,1,1,1,1,1,1,23,1,3,1,1,1,12,1,10,1,1,1,25,1,2,1,20,1,1,1,1,1,1,1,20,1,3,1,17,1,1,1,21,2,1,1,22,1,4,1,1,1,18,2,1,1,22,1,14,1,1,1,8,1,21,1,12,1,1,0,0,0,0,0,0,0,0,0,0,0,0,0,0,0,0,0,0,0,0,0,0,0,0,0,0,0,0,0,0,0,0,0,0,0,0,0,0,0,0,0,0,0,0,0,0,0,0,0,0,0,0,0,0,0,0,0,0,0,0,0,0,0,0,0,0,0,0,0,0,0,0,0,0,0,0,0,0,0,0,0,0,0,0,0,0,0,0,0,0,0,0,0,0,0,0,0,0,0,0,0,0,0,0,0,0,0,0,0,0,0,0,0,0,0,0,0,0,0,0,0,0,0,0,0,0,0,0,0,0,0,0,0,0,0,0,0
42,47,395,8.906661987304688,76,1,1,1,1,1,1,1,21,1,3,1,22,1,13,1,3,1,3,1,1,1,9,1,1,1,29,2,13,1,1,1,22,1,8,1,8,1,1,1,2,1,12,1,1,1,28,1,19,1,13,1,1,1,6,1,18,1,23,1,3,1,5,2,2,1,21,1,1,1,17,1,1,1,3,1,17,0,0,0,0,0,0,0,0,0,0,0,0,0,0,0,0,0,0,0,0,0,0,0,0,0,0,0,0,0,0,0,0,0,0,0,0,0,0,0,0,0,0,0,0,0,0,0,0,0,0,0,0,0,0,0,0,0,0,0,0,0,0,0,0,0,0,0,0,0,0,0,0,0,0,0,0,0,0,0,0,0,0,0,0,0,0,0,0,0,0,0,0,0,0,0,0,0,0,0,0,0,0,0,0,0,0,0,0,0,0,0,0,0,0,0,0,0,0,0,0,0,0,0,0,0,0,0
43,48,241,4.609730958938599,42,1,1,1,1,2,2,1,3,1,21,1,21,1,6,1,14,1,1,1,19,2,2,1,13,1,10,1,27,3,1,1,7,1,1,1,22,1,23,2,18,1,1,0,0,0,0,0,0,0,0,0,0,0,0,0,0,0,0,0,0,0,0,0,0,0,0,0,0,0,0,0,0,0,0,0,0,0,0,0,0,0,0,0,0,0,0,0,0,0,0,0,0,0,0,0,0,0,0,0,0,0,0,0,0,0,0,0,0,0,0,0,0,0,0,0,0,0,0,0,0,0,0,0,0,0,0,0,0,0,0,0,0,0,0,0,0,0,0,0,0,0,0,0,0,0,0,0,0,0,0,0,0,0,0,0,0,0,0,0,0,0,0,0,0,0,0,0,0,0,0,0,0,0,0,0,0,0,0,0,0,0,0,0,0,0,0,0,0,0,0,0,0,0,0,0,0,0,0,0,0,0,0,0
44,49,327,5.83204197883606,60,2,1,1,1,1,1,1,2,1,1,1,25,1,14,1,8,1,5,1,1,1,34,1,8,1,1,1,25,2,20,1,3,1,1,1,20,1,6,1,10,1,1,1,22,1,4,1,10,1,1,1,26,1,15,1,4,1,19,1,4,0,0,0,0,0,0,0,0,0,0,0,0,0,0,0,0,0,0,0,0,0,0,0,0,0,0,0,0,0,0,0,0,0,0,0,0,0,0,0,0,0,0,0,0,0,0,0,0,0,0,0,0,0,0,0,0,0,0,0,0,0,0,0,0,0,0,0,0,0,0,0,0,0,0,0,0,0,0,0,0,0,0,0,0,0,0,0,0,0,0,0,0,0,0,0,0,0,0,0,0,0,0,0,0,0,0,0,0,0,0,0,0,0,0,0,0,0,0,0,0,0,0,0,0,0,0,0,0,0,0,0,0,0,0,0,0,0,0,0,0,0,0,0
45,5,337,24.307037115097046,77,1,1,1,1,1,1,1,13,1,1,1,3,1,13,1,1,1,25,1,8,2,2,1,3,1,20,1,21,1,1,1,1,1,6,2,4,1,6,1,5,1,2,1,13,1,1,1,20,1,3,1,22,1,19,2,1,1,17,1,1,1,17,1,1,1,13,1,11,1,3,2,1,1,1,1,1,1,0,0,0,0,0,0,0,0,0,0,0,0,0,0,0,0,0,0,0,0,0,0,0,0,0,0,0,0,0,0,0,0,0,0,0,0,0,0,0,0,0,0,0,0,0,0,0,0,0,0,0,0,0,0,0,0,0,0,0,0,0,0,0,0,0,0,0,0,0,0,0,0,0,0,0,0,0,0,0,0,0,0,0,0,0,0,0,0,0,0,0,0,0,0,0,0,0,0,0,0,0,0,0,0,0,0,0,0,0,0,0,0,0,0,0,0,0,0,0,0,0,0,0,0,0,0
46,50,311,6.988623857498169,61,1,1,2,1,1,1,1,20,1,1,1,24,1,3,1,1,1,26,1,19,1,4,1,9,1,1,2,1,1,25,1,23,1,3,1,1,1,3,1,1,1,16,1,8,1,11,1,1,1,21,1,8,1,16,1,8,1,2,1,7,1,0,0,0,0,0,0,0,0,0,0,0,0,0,0,0,0,0,0,0,0,0,0,0,0,0,0,0,0,0,0,0,0,0,0,0,0,0,0,0,0,0,0,0,0,0,0,0,0,0,0,0,0,0,0,0,0,0,0,0,0,0,0,0,0,0,0,0,0,0,0,0,0,0,0,0,0,0,0,0,0,0,0,0,0,0,0,0,0,0,0,0,0,0,0,0,0,0,0,0,0,0,0,0,0,0,0,0,0,0,0,0,0,0,0,0,0,0,0,0,0,0,0,0,0,0,0,0,0,0,0,0,0,0,0,0,0,0,0,0,0,0,0
47,51,429,10.90053915977478,90,1,1,1,1,1,1,1,23,2,1,1,21,1,2,1,2,1,1,1,27,1,9,2,1,1,21,1,17,1,15,1,6,1,1,1,19,1,1,1,3,1,28,1,11,2,1,1,17,1,1,1,8,1,1,2,1,1,1,1,15,1,1,1,12,1,10,2,1,1,23,1,4,1,1,1,3,1,21,1,14,1,1,1,6,1,20,1,3,1,1,0,0,0,0,0,0,0,0,0,0,0,0,0,0,0,0,0,0,0,0,0,0,0,0,0,0,0,0,0,0,0,0,0,0,0,0,0,0,0,0,0,0,0,0,0,0,0,0,0,0,0,0,0,0,0,0,0,0,0,0,0,0,0,0,0,0,0,0,0,0,0,0,0,0,0,0,0,0,0,0,0,0,0,0,0,0,0,0,0,0,0,0,0,0,0,0,0,0,0,0,0,0,0,0,0,0,0,0,0,0,0,0,0
48,52,319,6.712631940841675,62,1,1,1,1,1,1,1,23,1,11,1,11,1,9,1,1,1,19,1,3,1,1,1,23,1,21,1,1,2,1,1,25,1,16,1,7,1,3,1,1,1,5,1,1,1,27,1,7,1,1,1,16,1,1,1,20,1,9,1,16,1,4,0,0,0,0,0,0,0,0,0,0,0,0,0,0,0,0,0,0,0,0,0,0,0,0,0,0,0,0,0,0,0,0,0,0,0,0,0,0,0,0,0,0,0,0,0,0,0,0,0,0,0,0,0,0,0,0,0,0,0,0,0,0,0,0,0,0,0,0,0,0,0,0,0,0,0,0,0,0,0,0,0,0,0,0,0,0,0,0,0,0,0,0,0,0,0,0,0,0,0,0,0,0,0,0,0,0,0,0,0,0,0,0,0,0,0,0,0,0,0,0,0,0,0,0,0,0,0,0,0,0,0,0,0,0,0,0,0,0,0,0,0
49,53,287,6.816130876541138,60,1,1,1,1,2,2,1,10,1,17,1,8,1,1,1,20,1,1,1,1,1,31,1,9,1,11,1,8,1,1,1,3,2,2,1,17,1,8,1,19,2,1,1,21,1,2,2,1,1,26,1,6,1,1,1,4,1,18,1,1,0,0,0,0,0,0,0,0,0,0,0,0,0,0,0,0,0,0,0,0,0,0,0,0,0,0,0,0,0,0,0,0,0,0,0,0,0,0,0,0,0,0,0,0,0,0,0,0,0,0,0,0,0,0,0,0,0,0,0,0,0,0,0,0,0,0,0,0,0,0,0,0,0,0,0,0,0,0,0,0,0,0,0,0,0,0,0,0,0,0,0,0,0,0,0,0,0,0,0,0,0,0,0,0,0,0,0,0,0,0,0,0,0,0,0,0,0,0,0,0,0,0,0,0,0,0,0,0,0,0,0,0,0,0,0,0,0,0,0,0,0,0,0
50,54,163,3.8224380016326904,33,1,1,1,2,1,1,1,4,1,23,1,22,1,3,1,1,1,23,1,12,2,1,1,28,1,13,2,3,1,1,1,4,2,0,0,0,0,0,0,0,0,0,0,0,0,0,0,0,0,0,0,0,0,0,0,0,0,0,0,0,0,0,0,0,0,0,0,0,0,0,0,0,0,0,0,0,0,0,0,0,0,0,0,0,0,0,0,0,0,0,0,0,0,0,0,0,0,0,0,0,0,0,0,0,0,0,0,0,0,0,0,0,0,0,0,0,0,0,0,0,0,0,0,0,0,0,0,0,0,0,0,0,0,0,0,0,0,0,0,0,0,0,0,0,0,0,0,0,0,0,0,0,0,0,0,0,0,0,0,0,0,0,0,0,0,0,0,0,0,0,0,0,0,0,0,0,0,0,0,0,0,0,0,0,0,0,0,0,0,0,0,0,0,0,0,0,0,0,0,0,0,0,0
51,55,313,7.941669940948486,59,1,1,1,1,1,2,1,23,1,4,2,1,1,21,1,1,1,23,2,1,1,23,1,21,1,13,1,1,1,25,1,4,1,15,1,18,1,4,1,1,1,6,1,8,1,1,1,7,2,2,1,22,1,4,1,3,2,2,1,0,0,0,0,0,0,0,0,0,0,0,0,0,0,0,0,0,0,0,0,0,0,0,0,0,0,0,0,0,0,0,0,0,0,0,0,0,0,0,0,0,0,0,0,0,0,0,0,0,0,0,0,0,0,0,0,0,0,0,0,0,0,0,0,0,0,0,0,0,0,0,0,0,0,0,0,0,0,0,0,0,0,0,0,0,0,0,0,0,0,0,0,0,0,0,0,0,0,0,0,0,0,0,0,0,0,0,0,0,0,0,0,0,0,0,0,0,0,0,0,0,0,0,0,0,0,0,0,0,0,0,0,0,0,0,0,0,0,0,0,0,0,0,0
52,56,422,7.895931005477905,82,1,1,1,2,1,1,1,19,1,6,1,19,1,17,2,1,1,23,1,19,2,20,1,1,1,3,2,2,1,23,1,24,1,4,1,1,1,12,1,8,1,1,1,1,1,9,1,1,1,14,1,1,1,16,1,11,1,8,2,1,1,1,1,1,1,23,1,6,1,19,1,15,1,1,1,3,1,1,1,28,1,8,0,0,0,0,0,0,0,0,0,0,0,0,0,0,0,0,0,0,0,0,0,0,0,0,0,0,0,0,0,0,0,0,0,0,0,0,0,0,0,0,0,0,0,0,0,0,0,0,0,0,0,0,0,0,0,0,0,0,0,0,0,0,0,0,0,0,0,0,0,0,0,0,0,0,0,0,0,0,0,0,0,0,0,0,0,0,0,0,0,0,0,0,0,0,0,0,0,0,0,0,0,0,0,0,0,0,0,0,0,0,0,0,0,0,0,0,0,0,0,0,0
53,57,538,11.085484027862549,106,1,1,1,2,2,2,1,27,1,15,1,7,1,4,1,1,1,18,1,1,1,5,1,1,1,3,1,20,1,3,1,1,1,15,1,1,1,3,1,24,1,4,1,1,1,31,2,2,1,1,2,23,1,21,1,12,1,1,1,15,1,8,1,22,1,2,1,1,2,1,1,1,1,6,1,17,1,21,1,4,1,3,1,1,1,29,1,9,1,7,1,8,2,3,1,23,1,8,1,18,1,17,2,1,1,3,0,0,0,0,0,0,0,0,0,0,0,0,0,0,0,0,0,0,0,0,0,0,0,0,0,0,0,0,0,0,0,0,0,0,0,0,0,0,0,0,0,0,0,0,0,0,0,0,0,0,0,0,0,0,0,0,0,0,0,0,0,0,0,0,0,0,0,0,0,0,0,0,0,0,0,0,0,0,0,0,0,0,0,0,0,0,0,0,0,0,0,0,0,0,0,0,0
54,58,423,8.960050106048584,73,1,1,1,1,1,1,1,23,1,26,2,1,1,12,1,18,1,12,2,1,1,13,1,6,1,1,1,26,1,9,3,2,1,20,1,7,2,2,1,7,1,8,1,1,1,26,1,9,1,9,1,9,1,1,1,28,1,17,1,19,1,1,1,1,1,3,2,1,1,27,1,27,1,0,0,0,0,0,0,0,0,0,0,0,0,0,0,0,0,0,0,0,0,0,0,0,0,0,0,0,0,0,0,0,0,0,0,0,0,0,0,0,0,0,0,0,0,0,0,0,0,0,0,0,0,0,0,0,0,0,0,0,0,0,0,0,0,0,0,0,0,0,0,0,0,0,0,0,0,0,0,0,0,0,0,0,0,0,0,0,0,0,0,0,0,0,0,0,0,0,0,0,0,0,0,0,0,0,0,0,0,0,0,0,0,0,0,0,0,0,0,0,0,0,0,0,0,0,0,0,0,0,0
55,59,238,4.961545944213867,43,1,1,1,1,2,2,1,26,1,3,1,3,1,1,1,26,1,15,1,10,1,4,1,1,1,24,1,17,1,3,1,1,1,20,2,1,1,20,1,1,1,25,1,0,0,0,0,0,0,0,0,0,0,0,0,0,0,0,0,0,0,0,0,0,0,0,0,0,0,0,0,0,0,0,0,0,0,0,0,0,0,0,0,0,0,0,0,0,0,0,0,0,0,0,0,0,0,0,0,0,0,0,0,0,0,0,0,0,0,0,0,0,0,0,0,0,0,0,0,0,0,0,0,0,0,0,0,0,0,0,0,0,0,0,0,0,0,0,0,0,0,0,0,0,0,0,0,0,0,0,0,0,0,0,0,0,0,0,0,0,0,0,0,0,0,0,0,0,0,0,0,0,0,0,0,0,0,0,0,0,0,0,0,0,0,0,0,0,0,0,0,0,0,0,0,0,0,0,0,0,0,0,0
56,6,310,17.18352198600769,57,1,1,1,1,1,1,1,24,1,6,1,13,1,9,1,1,1,19,2,1,1,3,1,2,1,8,1,15,1,10,1,1,1,16,1,9,1,20,1,14,1,2,1,1,1,26,1,18,1,4,1,14,2,2,1,28,2,0,0,0,0,0,0,0,0,0,0,0,0,0,0,0,0,0,0,0,0,0,0,0,0,0,0,0,0,0,0,0,0,0,0,0,0,0,0,0,0,0,0,0,0,0,0,0,0,0,0,0,0,0,0,0,0,0,0,0,0,0,0,0,0,0,0,0,0,0,0,0,0,0,0,0,0,0,0,0,0,0,0,0,0,0,0,0,0,0,0,0,0,0,0,0,0,0,0,0,0,0,0,0,0,0,0,0,0,0,0,0,0,0,0,0,0,0,0,0,0,0,0,0,0,0,0,0,0,0,0,0,0,0,0,0,0,0,0,0,0,0,0,0,0,0,0
57,60,590,10.942062854766846,117,1,1,3,1,1,1,1,1,1,2,1,16,1,9,1,18,1,4,2,1,1,1,1,1,1,22,1,1,1,22,2,1,2,20,2,11,1,1,1,1,1,1,1,26,1,1,1,19,1,1,1,1,1,20,1,3,1,14,1,1,1,23,1,7,1,17,1,15,1,1,1,9,1,18,1,17,1,8,1,11,1,2,1,1,1,29,1,3,1,1,1,26,1,9,1,14,2,1,1,20,1,1,1,12,1,20,1,8,1,2,1,1,1,3,1,20,1,0,0,0,0,0,0,0,0,0,0,0,0,0,0,0,0,0,0,0,0,0,0,0,0,0,0,0,0,0,0,0,0,0,0,0,0,0,0,0,0,0,0,0,0,0,0,0,0,0,0,0,0,0,0,0,0,0,0,0,0,0,0,0,0,0,0,0,0,0,0,0,0,0,0,0,0,0,0,0,0,0,0,0,0,0,0
58,61,394,9.731263160705566,82,1,1,1,2,1,1,1,19,1,10,1,6,1,1,1,28,1,1,1,1,2,1,1,18,1,6,1,7,1,1,1,9,1,13,1,4,2,2,1,25,1,16,1,2,1,1,1,9,1,1,1,15,1,6,1,1,1,24,2,1,1,16,1,8,1,26,1,3,1,1,1,3,1,21,1,17,1,1,1,7,1,14,0,0,0,0,0,0,0,0,0,0,0,0,0,0,0,0,0,0,0,0,0,0,0,0,0,0,0,0,0,0,0,0,0,0,0,0,0,0,0,0,0,0,0,0,0,0,0,0,0,0,0,0,0,0,0,0,0,0,0,0,0,0,0,0,0,0,0,0,0,0,0,0,0,0,0,0,0,0,0,0,0,0,0,0,0,0,0,0,0,0,0,0,0,0,0,0,0,0,0,0,0,0,0,0,0,0,0,0,0,0,0,0,0,0,0,0,0,0,0,0,0
59,62,498,9.900068998336792,93,1,1,1,1,1,1,1,30,1,13,1,5,1,3,1,1,1,23,2,1,1,12,1,12,1,21,1,3,1,1,1,3,1,3,1,1,1,24,1,23,2,16,1,1,1,22,2,22,1,15,1,3,1,1,1,1,1,27,1,5,1,6,1,1,1,21,1,1,1,23,1,6,1,27,2,2,1,1,1,25,1,14,1,8,1,12,1,1,2,1,1,1,1,0,0,0,0,0,0,0,0,0,0,0,0,0,0,0,0,0,0,0,0,0,0,0,0,0,0,0,0,0,0,0,0,0,0,0,0,0,0,0,0,0,0,0,0,0,0,0,0,0,0,0,0,0,0,0,0,0,0,0,0,0,0,0,0,0,0,0,0,0,0,0,0,0,0,0,0,0,0,0,0,0,0,0,0,0,0,0,0,0,0,0,0,0,0,0,0,0,0,0,0,0,0,0,0,0,0,0,0,0,0
60,63,404,9.022037029266357,71,1,1,1,1,1,2,1,10,1,19,1,12,1,1,1,9,1,17,1,20,1,4,2,1,1,26,1,17,1,4,1,11,1,1,1,27,1,18,1,9,1,1,1,13,1,5,1,1,1,25,1,15,1,13,1,8,1,1,1,20,1,5,1,8,1,1,1,25,1,11,1,0,0,0,0,0,0,0,0,0,0,0,0,0,0,0,0,0,0,0,0,0,0,0,0,0,0,0,0,0,0,0,0,0,0,0,0,0,0,0,0,0,0,0,0,0,0,0,0,0,0,0,0,0,0,0,0,0,0,0,0,0,0,0,0,0,0,0,0,0,0,0,0,0,0,0,0,0,0,0,0,0,0,0,0,0,0,0,0,0,0,0,0,0,0,0,0,0,0,0,0,0,0,0,0,0,0,0,0,0,0,0,0,0,0,0,0,0,0,0,0,0,0,0,0,0,0,0,0,0,0,0,0
61,64,721,16.853087902069092,132,1,1,1,1,1,1,1,22,1,1,1,23,1,10,1,1,1,11,1,9,1,11,1,1,1,23,1,15,1,1,1,27,1,2,1,17,1,1,1,1,1,21,2,24,1,3,1,1,1,10,1,18,1,6,1,1,1,22,1,5,1,1,1,1,1,26,1,13,1,7,1,16,2,2,1,19,1,6,1,7,1,1,1,23,1,5,1,20,1,10,1,1,1,15,1,11,1,3,1,1,1,23,1,7,1,14,1,17,1,1,1,7,1,22,1,17,1,7,1,5,1,1,1,23,1,14,1,6,1,9,1,1,0,0,0,0,0,0,0,0,0,0,0,0,0,0,0,0,0,0,0,0,0,0,0,0,0,0,0,0,0,0,0,0,0,0,0,0,0,0,0,0,0,0,0,0,0,0,0,0,0,0,0,0,0,0,0,0,0,0,0,0,0,0,0,0,0,0,0,0,0,0,0
62,65,389,9.942826986312866,73,1,1,1,1,1,1,1,26,1,12,1,9,1,12,1,1,2,6,1,17,2,3,1,1,1,2,1,13,1,1,1,23,1,4,1,1,1,24,1,17,1,5,1,13,1,1,1,2,2,2,1,25,2,15,1,1,1,24,1,16,1,1,1,24,1,7,1,13,1,9,1,1,1,0,0,0,0,0,0,0,0,0,0,0,0,0,0,0,0,0,0,0,0,0,0,0,0,0,0,0,0,0,0,0,0,0,0,0,0,0,0,0,0,0,0,0,0,0,0,0,0,0,0,0,0,0,0,0,0,0,0,0,0,0,0,0,0,0,0,0,0,0,0,0,0,0,0,0,0,0,0,0,0,0,0,0,0,0,0,0,0,0,0,0,0,0,0,0,0,0,0,0,0,0,0,0,0,0,0,0,0,0,0,0,0,0,0,0,0,0,0,0,0,0,0,0,0,0,0,0,0,0,0
63,66,552,12.90680718421936,100,1,1,2,1,1,1,1,5,1,13,1,1,1,23,1,9,1,15,1,20,2,1,1,11,1,14,1,12,2,2,1,18,1,4,1,22,1,3,1,1,1,10,1,14,1,24,1,5,1,4,1,1,1,23,1,17,1,7,1,12,1,1,1,24,1,3,2,2,1,25,1,19,1,1,1,7,1,1,1,27,1,5,1,12,1,17,1,1,1,16,1,10,1,17,1,12,1,2,1,1,0,0,0,0,0,0,0,0,0,0,0,0,0,0,0,0,0,0,0,0,0,0,0,0,0,0,0,0,0,0,0,0,0,0,0,0,0,0,0,0,0,0,0,0,0,0,0,0,0,0,0,0,0,0,0,0,0,0,0,0,0,0,0,0,0,0,0,0,0,0,0,0,0,0,0,0,0,0,0,0,0,0,0,0,0,0,0,0,0,0,0,0,0,0,0,0,0,0,0,0,0,0,0
64,67,313,7.867861986160278,58,1,1,1,1,1,1,1,23,2,1,1,17,1,6,1,29,1,6,1,3,1,1,1,29,1,8,1,7,1,9,1,1,1,2,1,1,1,9,1,1,1,16,1,10,1,18,1,13,2,1,1,31,1,13,2,18,3,2,0,0,0,0,0,0,0,0,0,0,0,0,0,0,0,0,0,0,0,0,0,0,0,0,0,0,0,0,0,0,0,0,0,0,0,0,0,0,0,0,0,0,0,0,0,0,0,0,0,0,0,0,0,0,0,0,0,0,0,0,0,0,0,0,0,0,0,0,0,0,0,0,0,0,0,0,0,0,0,0,0,0,0,0,0,0,0,0,0,0,0,0,0,0,0,0,0,0,0,0,0,0,0,0,0,0,0,0,0,0,0,0,0,0,0,0,0,0,0,0,0,0,0,0,0,0,0,0,0,0,0,0,0,0,0,0,0,0,0,0,0,0,0,0,0
65,68,271,4.93134617805481,48,1,1,2,1,1,1,1,2,1,1,1,23,1,12,1,7,1,21,1,1,1,1,1,29,2,26,1,6,1,1,1,30,1,8,2,1,1,29,1,11,1,8,1,9,1,1,1,13,0,0,0,0,0,0,0,0,0,0,0,0,0,0,0,0,0,0,0,0,0,0,0,0,0,0,0,0,0,0,0,0,0,0,0,0,0,0,0,0,0,0,0,0,0,0,0,0,0,0,0,0,0,0,0,0,0,0,0,0,0,0,0,0,0,0,0,0,0,0,0,0,0,0,0,0,0,0,0,0,0,0,0,0,0,0,0,0,0,0,0,0,0,0,0,0,0,0,0,0,0,0,0,0,0,0,0,0,0,0,0,0,0,0,0,0,0,0,0,0,0,0,0,0,0,0,0,0,0,0,0,0,0,0,0,0,0,0,0,0,0,0,0,0,0,0,0,0,0,0,0,0,0,0,0
66,69,410,11.807140111923218,88,1,1,1,2,1,1,1,6,2,2,1,20,1,10,1,13,1,2,1,1,1,11,1,1,1,6,1,17,1,5,1,1,1,11,1,1,1,14,1,11,1,20,1,9,1,12,1,2,1,1,1,25,1,7,1,15,3,2,1,22,1,3,1,18,1,1,1,1,1,24,2,1,1,3,1,23,1,15,1,1,1,6,1,1,1,1,1,12,0,0,0,0,0,0,0,0,0,0,0,0,0,0,0,0,0,0,0,0,0,0,0,0,0,0,0,0,0,0,0,0,0,0,0,0,0,0,0,0,0,0,0,0,0,0,0,0,0,0,0,0,0,0,0,0,0,0,0,0,0,0,0,0,0,0,0,0,0,0,0,0,0,0,0,0,0,0,0,0,0,0,0,0,0,0,0,0,0,0,0,0,0,0,0,0,0,0,0,0,0,0,0,0,0,0,0,0,0,0,0,0,0,0,0
67,7,401,23.373305082321167,83,1,1,3,1,1,1,1,2,1,1,1,13,1,1,1,13,1,10,1,28,1,8,1,7,1,1,1,24,1,14,3,2,1,24,1,5,1,1,1,14,1,3,1,1,1,7,1,2,1,7,1,1,1,25,1,7,1,5,1,1,1,5,1,1,1,23,1,9,1,1,1,6,1,20,1,20,1,4,3,2,1,25,1,0,0,0,0,0,0,0,0,0,0,0,0,0,0,0,0,0,0,0,0,0,0,0,0,0,0,0,0,0,0,0,0,0,0,0,0,0,0,0,0,0,0,0,0,0,0,0,0,0,0,0,0,0,0,0,0,0,0,0,0,0,0,0,0,0,0,0,0,0,0,0,0,0,0,0,0,0,0,0,0,0,0,0,0,0,0,0,0,0,0,0,0,0,0,0,0,0,0,0,0,0,0,0,0,0,0,0,0,0,0,0,0,0,0,0,0,0,0,0,0
68,70,419,9.78421688079834,82,1,1,1,1,1,1,1,16,1,7,2,1,1,22,1,20,2,8,1,1,1,25,1,15,1,1,1,21,2,1,1,9,1,14,1,1,1,1,1,23,1,8,1,14,1,8,1,1,1,15,1,13,1,2,1,1,1,7,1,1,1,13,1,1,1,10,1,19,1,17,1,6,1,7,1,1,1,25,1,10,1,6,0,0,0,0,0,0,0,0,0,0,0,0,0,0,0,0,0,0,0,0,0,0,0,0,0,0,0,0,0,0,0,0,0,0,0,0,0,0,0,0,0,0,0,0,0,0,0,0,0,0,0,0,0,0,0,0,0,0,0,0,0,0,0,0,0,0,0,0,0,0,0,0,0,0,0,0,0,0,0,0,0,0,0,0,0,0,0,0,0,0,0,0,0,0,0,0,0,0,0,0,0,0,0,0,0,0,0,0,0,0,0,0,0,0,0,0,0,0,0,0,0
69,71,384,7.728951930999756,76,1,1,1,1,2,2,2,1,1,1,1,13,1,11,1,6,1,1,1,25,1,1,1,20,1,7,1,1,1,15,1,9,1,22,1,11,1,3,1,1,1,25,1,23,2,1,1,24,1,5,1,3,1,1,1,27,1,14,1,1,2,1,1,9,1,1,1,23,1,10,1,12,1,8,1,1,0,0,0,0,0,0,0,0,0,0,0,0,0,0,0,0,0,0,0,0,0,0,0,0,0,0,0,0,0,0,0,0,0,0,0,0,0,0,0,0,0,0,0,0,0,0,0,0,0,0,0,0,0,0,0,0,0,0,0,0,0,0,0,0,0,0,0,0,0,0,0,0,0,0,0,0,0,0,0,0,0,0,0,0,0,0,0,0,0,0,0,0,0,0,0,0,0,0,0,0,0,0,0,0,0,0,0,0,0,0,0,0,0,0,0,0,0,0,0,0,0,0,0,0,0,0,0
70,72,104,4.769115209579468,32,1,1,1,1,1,1,1,6,2,2,1,3,2,1,1,8,1,1,1,22,1,7,1,1,1,12,1,15,1,3,1,1,0,0,0,0,0,0,0,0,0,0,0,0,0,0,0,0,0,0,0,0,0,0,0,0,0,0,0,0,0,0,0,0,0,0,0,0,0,0,0,0,0,0,0,0,0,0,0,0,0,0,0,0,0,0,0,0,0,0,0,0,0,0,0,0,0,0,0,0,0,0,0,0,0,0,0,0,0,0,0,0,0,0,0,0,0,0,0,0,0,0,0,0,0,0,0,0,0,0,0,0,0,0,0,0,0,0,0,0,0,0,0,0,0,0,0,0,0,0,0,0,0,0,0,0,0,0,0,0,0,0,0,0,0,0,0,0,0,0,0,0,0,0,0,0,0,0,0,0,0,0,0,0,0,0,0,0,0,0,0,0,0,0,0,0,0,0,0,0,0,0,0
71,73,513,12.049081087112427,98,1,1,1,2,1,1,1,17,1,1,1,1,1,24,1,24,2,6,1,1,1,22,2,1,1,7,1,7,1,1,1,24,1,10,1,1,1,3,1,19,1,7,1,1,1,5,1,1,1,13,1,10,1,30,1,4,1,3,1,1,1,30,1,13,1,17,1,1,1,22,1,3,1,7,1,1,1,22,1,4,1,1,1,1,1,13,1,17,1,24,1,4,1,1,1,27,1,5,0,0,0,0,0,0,0,0,0,0,0,0,0,0,0,0,0,0,0,0,0,0,0,0,0,0,0,0,0,0,0,0,0,0,0,0,0,0,0,0,0,0,0,0,0,0,0,0,0,0,0,0,0,0,0,0,0,0,0,0,0,0,0,0,0,0,0,0,0,0,0,0,0,0,0,0,0,0,0,0,0,0,0,0,0,0,0,0,0,0,0,0,0,0,0,0,0,0,0,0,0,0,0,0,0
72,74,464,12.021992921829224,95,1,1,1,1,2,1,1,22,1,20,1,5,1,1,1,9,1,1,1,24,1,2,1,1,1,4,1,16,2,1,1,1,1,2,1,25,2,1,1,6,1,21,1,23,1,4,1,4,2,2,1,8,1,1,1,23,1,21,1,3,1,1,1,18,1,2,1,1,1,26,1,4,1,1,1,16,1,6,1,6,1,1,1,17,1,1,1,12,1,14,1,26,1,3,1,0,0,0,0,0,0,0,0,0,0,0,0,0,0,0,0,0,0,0,0,0,0,0,0,0,0,0,0,0,0,0,0,0,0,0,0,0,0,0,0,0,0,0,0,0,0,0,0,0,0,0,0,0,0,0,0,0,0,0,0,0,0,0,0,0,0,0,0,0,0,0,0,0,0,0,0,0,0,0,0,0,0,0,0,0,0,0,0,0,0,0,0,0,0,0,0,0,0,0,0,0,0,0,0,0,0,0,0
73,75,459,13.03177285194397,86,1,1,2,1,1,1,1,25,1,14,1,11,1,14,1,1,1,1,1,15,1,8,1,3,1,1,1,28,1,17,1,26,2,1,1,3,1,20,1,26,1,9,1,1,1,24,1,10,1,11,1,8,1,1,1,21,1,4,1,22,1,1,1,1,1,12,1,9,2,1,1,5,1,1,1,23,1,13,1,2,1,1,1,14,1,1,0,0,0,0,0,0,0,0,0,0,0,0,0,0,0,0,0,0,0,0,0,0,0,0,0,0,0,0,0,0,0,0,0,0,0,0,0,0,0,0,0,0,0,0,0,0,0,0,0,0,0,0,0,0,0,0,0,0,0,0,0,0,0,0,0,0,0,0,0,0,0,0,0,0,0,0,0,0,0,0,0,0,0,0,0,0,0,0,0,0,0,0,0,0,0,0,0,0,0,0,0,0,0,0,0,0,0,0,0,0,0,0,0,0,0,0,0
74,76,136,5.94539999961853,30,1,1,1,1,1,1,1,3,1,21,1,24,1,1,1,1,1,27,1,2,1,1,1,15,1,14,1,7,1,1,0,0,0,0,0,0,0,0,0,0,0,0,0,0,0,0,0,0,0,0,0,0,0,0,0,0,0,0,0,0,0,0,0,0,0,0,0,0,0,0,0,0,0,0,0,0,0,0,0,0,0,0,0,0,0,0,0,0,0,0,0,0,0,0,0,0,0,0,0,0,0,0,0,0,0,0,0,0,0,0,0,0,0,0,0,0,0,0,0,0,0,0,0,0,0,0,0,0,0,0,0,0,0,0,0,0,0,0,0,0,0,0,0,0,0,0,0,0,0,0,0,0,0,0,0,0,0,0,0,0,0,0,0,0,0,0,0,0,0,0,0,0,0,0,0,0,0,0,0,0,0,0,0,0,0,0,0,0,0,0,0,0,0,0,0,0,0,0,0,0,0,0,0
75,77,573,15.003791093826294,120,1,1,1,1,2,2,1,22,1,4,1,18,1,7,2,1,1,1,1,1,1,17,1,13,1,14,1,4,1,1,2,1,1,1,1,12,1,20,1,19,1,5,1,1,2,1,1,1,1,1,1,25,1,4,2,2,1,13,1,10,1,26,1,7,1,2,1,1,1,11,1,1,1,22,1,13,1,12,1,9,1,1,1,13,1,1,1,5,1,1,1,3,1,17,1,1,1,26,2,12,1,1,1,26,1,5,1,12,1,5,1,1,1,22,2,21,1,4,1,1,0,0,0,0,0,0,0,0,0,0,0,0,0,0,0,0,0,0,0,0,0,0,0,0,0,0,0,0,0,0,0,0,0,0,0,0,0,0,0,0,0,0,0,0,0,0,0,0,0,0,0,0,0,0,0,0,0,0,0,0,0,0,0,0,0,0,0,0,0,0,0,0,0,0,0,0,0,0,0,0,0,0,0
76,78,353,9.743035793304443,68,1,1,1,1,1,1,1,7,1,1,1,28,1,11,1,2,1,10,1,1,1,25,1,3,1,11,2,2,1,25,1,4,1,15,1,23,1,1,1,1,1,4,1,21,1,8,1,1,1,17,1,4,1,1,1,21,1,19,2,21,1,1,1,19,1,4,2,1,0,0,0,0,0,0,0,0,0,0,0,0,0,0,0,0,0,0,0,0,0,0,0,0,0,0,0,0,0,0,0,0,0,0,0,0,0,0,0,0,0,0,0,0,0,0,0,0,0,0,0,0,0,0,0,0,0,0,0,0,0,0,0,0,0,0,0,0,0,0,0,0,0,0,0,0,0,0,0,0,0,0,0,0,0,0,0,0,0,0,0,0,0,0,0,0,0,0,0,0,0,0,0,0,0,0,0,0,0,0,0,0,0,0,0,0,0,0,0,0,0,0,0,0,0,0,0,0,0,0,0,0,0,0,0
77,79,299,9.980244874954224,68,1,1,1,1,1,1,1,20,1,1,1,6,1,22,1,11,1,1,1,7,1,22,1,14,1,7,1,6,1,1,1,7,1,1,1,24,1,2,1,4,1,4,1,2,1,1,1,23,1,5,2,2,1,12,1,11,1,4,1,1,1,24,1,9,1,5,1,1,0,0,0,0,0,0,0,0,0,0,0,0,0,0,0,0,0,0,0,0,0,0,0,0,0,0,0,0,0,0,0,0,0,0,0,0,0,0,0,0,0,0,0,0,0,0,0,0,0,0,0,0,0,0,0,0,0,0,0,0,0,0,0,0,0,0,0,0,0,0,0,0,0,0,0,0,0,0,0,0,0,0,0,0,0,0,0,0,0,0,0,0,0,0,0,0,0,0,0,0,0,0,0,0,0,0,0,0,0,0,0,0,0,0,0,0,0,0,0,0,0,0,0,0,0,0,0,0,0,0,0,0,0,0,0
78,8,509,27.417728900909424,101,1,1,1,1,1,1,1,9,1,17,1,8,1,1,1,10,1,1,1,7,1,2,1,2,1,7,1,15,1,23,1,4,1,15,1,1,1,3,1,1,1,13,2,2,1,17,1,7,1,22,1,7,1,1,1,8,1,20,1,3,1,1,2,1,1,1,1,25,1,23,1,22,2,1,1,9,1,1,1,26,1,14,1,8,1,11,1,1,1,23,1,4,1,19,1,16,1,1,1,10,1,0,0,0,0,0,0,0,0,0,0,0,0,0,0,0,0,0,0,0,0,0,0,0,0,0,0,0,0,0,0,0,0,0,0,0,0,0,0,0,0,0,0,0,0,0,0,0,0,0,0,0,0,0,0,0,0,0,0,0,0,0,0,0,0,0,0,0,0,0,0,0,0,0,0,0,0,0,0,0,0,0,0,0,0,0,0,0,0,0,0,0,0,0,0,0,0,0,0,0,0,0,0
79,80,432,10.067708969116211,77,1,1,2,1,1,1,1,31,2,15,1,16,2,1,1,6,1,27,1,13,1,7,1,4,1,1,1,22,1,15,1,5,1,1,1,21,1,1,1,17,1,7,1,26,2,7,1,1,1,1,1,2,1,4,1,28,1,19,1,15,1,1,1,22,1,21,1,8,1,1,1,15,1,1,1,1,1,0,0,0,0,0,0,0,0,0,0,0,0,0,0,0,0,0,0,0,0,0,0,0,0,0,0,0,0,0,0,0,0,0,0,0,0,0,0,0,0,0,0,0,0,0,0,0,0,0,0,0,0,0,0,0,0,0,0,0,0,0,0,0,0,0,0,0,0,0,0,0,0,0,0,0,0,0,0,0,0,0,0,0,0,0,0,0,0,0,0,0,0,0,0,0,0,0,0,0,0,0,0,0,0,0,0,0,0,0,0,0,0,0,0,0,0,0,0,0,0,0,0,0,0,0,0
80,81,405,13.123929977416992,79,1,1,1,1,1,1,1,22,1,1,1,6,1,17,2,1,1,26,1,4,1,17,1,16,1,4,1,1,1,1,1,15,1,1,1,20,1,1,1,13,1,12,1,22,1,5,1,9,1,1,1,24,1,16,1,6,1,20,1,4,1,1,1,11,1,17,1,20,1,13,1,3,1,1,1,6,1,1,1,0,0,0,0,0,0,0,0,0,0,0,0,0,0,0,0,0,0,0,0,0,0,0,0,0,0,0,0,0,0,0,0,0,0,0,0,0,0,0,0,0,0,0,0,0,0,0,0,0,0,0,0,0,0,0,0,0,0,0,0,0,0,0,0,0,0,0,0,0,0,0,0,0,0,0,0,0,0,0,0,0,0,0,0,0,0,0,0,0,0,0,0,0,0,0,0,0,0,0,0,0,0,0,0,0,0,0,0,0,0,0,0,0,0,0,0,0,0,0,0,0,0,0,0
81,82,824,11.070378065109253,156,1,1,1,1,1,1,1,1,22,1,2,1,23,1,7,1,1,1,9,1,14,1,19,1,9,1,13,1,3,1,1,1,28,2,8,1,1,1,18,1,1,1,6,1,1,1,9,1,18,1,19,1,1,1,5,1,24,1,1,2,2,1,19,1,7,1,18,1,13,2,1,1,2,1,24,1,18,1,4,1,7,1,1,1,25,1,6,1,3,1,1,1,23,1,15,1,5,1,2,1,1,1,33,1,2,1,9,1,17,2,1,1,14,1,12,1,14,1,1,1,17,1,8,1,21,1,4,1,1,1,8,1,15,1,17,1,6,1,11,1,1,1,1,2,1,1,31,1,11,1,3,1,4,2,3,1,0,0,0,0,0,0,0,0,0,0,0,0,0,0,0,0,0,0,0,0,0,0,0,0,0,0,0,0,0,0,0,0,0,0,0,0,0,0,0,0,0,0,0,0,0,0,0
82,83,528,11.045109033584595,123,1,1,2,1,1,8,2,1,1,1,2,1,1,3,1,1,1,1,1,1,1,1,2,1,1,2,1,1,1,31,1,16,1,1,1,3,1,3,1,1,1,25,1,2,1,1,1,16,1,13,1,19,1,13,1,5,1,1,1,1,1,26,1,12,1,2,1,9,1,1,1,26,1,22,1,4,1,1,1,21,1,6,1,16,1,8,1,1,1,11,1,14,1,26,2,3,1,1,1,1,1,11,2,1,1,5,1,1,1,1,1,26,1,1,1,3,1,1,1,3,1,1,1,0,0,0,0,0,0,0,0,0,0,0,0,0,0,0,0,0,0,0,0,0,0,0,0,0,0,0,0,0,0,0,0,0,0,0,0,0,0,0,0,0,0,0,0,0,0,0,0,0,0,0,0,0,0,0,0,0,0,0,0,0,0,0,0,0,0,0,0,0,0,0,0,0,0,0,0,0,0,0,0
83,84,682,13.965008020401001,122,1,1,1,1,1,1,1,21,1,3,1,20,2,1,1,20,1,1,1,1,1,28,1,10,1,1,1,5,1,21,1,4,1,1,1,20,1,6,1,8,1,1,2,25,1,5,1,18,1,20,1,4,1,1,1,3,1,21,1,22,1,3,1,16,1,2,1,1,1,24,2,18,1,2,1,23,2,1,1,4,1,22,1,19,1,1,1,15,1,1,1,23,1,3,1,19,1,1,1,1,1,24,1,7,1,18,1,21,2,1,1,2,2,1,1,25,1,18,2,1,1,2,0,0,0,0,0,0,0,0,0,0,0,0,0,0,0,0,0,0,0,0,0,0,0,0,0,0,0,0,0,0,0,0,0,0,0,0,0,0,0,0,0,0,0,0,0,0,0,0,0,0,0,0,0,0,0,0,0,0,0,0,0,0,0,0,0,0,0,0,0,0,0,0,0,0,0,0,0,0,0,0,0
84,85,98,2.356337070465088,22,1,1,3,1,2,1,1,1,1,2,1,30,1,1,1,17,1,7,2,1,1,19,0,0,0,0,0,0,0,0,0,0,0,0,0,0,0,0,0,0,0,0,0,0,0,0,0,0,0,0,0,0,0,0,0,0,0,0,0,0,0,0,0,0,0,0,0,0,0,0,0,0,0,0,0,0,0,0,0,0,0,0,0,0,0,0,0,0,0,0,0,0,0,0,0,0,0,0,0,0,0,0,0,0,0,0,0,0,0,0,0,0,0,0,0,0,0,0,0,0,0,0,0,0,0,0,0,0,0,0,0,0,0,0,0,0,0,0,0,0,0,0,0,0,0,0,0,0,0,0,0,0,0,0,0,0,0,0,0,0,0,0,0,0,0,0,0,0,0,0,0,0,0,0,0,0,0,0,0,0,0,0,0,0,0,0,0,0,0,0,0,0,0,0,0,0,0,0,0,0,0,0,0
85,86,450,7.972836017608643,92,1,1,1,2,1,1,1,12,1,1,1,17,1,12,1,1,1,1,1,13,1,10,1,6,1,15,2,1,1,28,1,6,1,12,2,1,1,25,1,11,1,4,1,19,2,2,1,11,1,14,1,21,1,2,1,1,1,10,1,14,1,21,1,2,1,1,1,4,1,9,1,1,1,24,1,9,1,15,1,3,1,1,2,1,1,1,1,25,1,7,1,1,0,0,0,0,0,0,0,0,0,0,0,0,0,0,0,0,0,0,0,0,0,0,0,0,0,0,0,0,0,0,0,0,0,0,0,0,0,0,0,0,0,0,0,0,0,0,0,0,0,0,0,0,0,0,0,0,0,0,0,0,0,0,0,0,0,0,0,0,0,0,0,0,0,0,0,0,0,0,0,0,0,0,0,0,0,0,0,0,0,0,0,0,0,0,0,0,0,0,0,0,0,0,0,0,0,0,0,0,0,0,0
86,87,383,6.908926963806152,66,1,1,2,1,1,1,1,25,1,22,1,4,1,1,1,20,1,4,2,1,1,26,1,15,1,4,1,15,1,1,1,25,1,3,1,1,1,26,1,10,2,1,1,30,1,13,1,4,1,6,2,1,1,26,1,9,1,10,3,2,1,23,1,5,1,7,0,0,0,0,0,0,0,0,0,0,0,0,0,0,0,0,0,0,0,0,0,0,0,0,0,0,0,0,0,0,0,0,0,0,0,0,0,0,0,0,0,0,0,0,0,0,0,0,0,0,0,0,0,0,0,0,0,0,0,0,0,0,0,0,0,0,0,0,0,0,0,0,0,0,0,0,0,0,0,0,0,0,0,0,0,0,0,0,0,0,0,0,0,0,0,0,0,0,0,0,0,0,0,0,0,0,0,0,0,0,0,0,0,0,0,0,0,0,0,0,0,0,0,0,0,0,0,0,0,0,0,0,0,0,0,0,0
87,88,526,11.035120010375977,97,1,1,2,2,1,1,1,5,1,1,1,26,1,2,1,16,1,5,1,1,1,20,1,3,2,1,1,24,1,18,1,4,1,7,1,1,1,19,1,1,2,12,2,1,1,25,1,20,1,23,2,1,1,16,1,1,1,9,1,14,1,11,1,1,1,15,1,8,2,1,1,9,1,1,1,25,2,1,1,3,1,20,1,20,1,6,1,9,1,1,1,28,1,8,1,11,1,0,0,0,0,0,0,0,0,0,0,0,0,0,0,0,0,0,0,0,0,0,0,0,0,0,0,0,0,0,0,0,0,0,0,0,0,0,0,0,0,0,0,0,0,0,0,0,0,0,0,0,0,0,0,0,0,0,0,0,0,0,0,0,0,0,0,0,0,0,0,0,0,0,0,0,0,0,0,0,0,0,0,0,0,0,0,0,0,0,0,0,0,0,0,0,0,0,0,0,0,0,0,0,0,0,0
88,89,181,3.747316837310791,38,1,1,1,1,1,1,1,25,1,14,1,1,1,1,1,21,1,1,1,13,1,1,1,10,1,3,2,2,1,31,1,9,1,11,1,12,1,2,0,0,0,0,0,0,0,0,0,0,0,0,0,0,0,0,0,0,0,0,0,0,0,0,0,0,0,0,0,0,0,0,0,0,0,0,0,0,0,0,0,0,0,0,0,0,0,0,0,0,0,0,0,0,0,0,0,0,0,0,0,0,0,0,0,0,0,0,0,0,0,0,0,0,0,0,0,0,0,0,0,0,0,0,0,0,0,0,0,0,0,0,0,0,0,0,0,0,0,0,0,0,0,0,0,0,0,0,0,0,0,0,0,0,0,0,0,0,0,0,0,0,0,0,0,0,0,0,0,0,0,0,0,0,0,0,0,0,0,0,0,0,0,0,0,0,0,0,0,0,0,0,0,0,0,0,0,0,0,0,0,0,0,0,0
89,9,342,19.268163919448853,63,1,1,1,1,1,1,1,22,1,1,1,10,1,1,1,6,1,20,1,24,1,5,1,15,1,3,1,1,1,25,1,9,1,1,1,29,1,10,1,8,1,1,2,2,1,22,1,12,1,13,1,9,1,1,1,16,1,1,1,10,1,15,1,0,0,0,0,0,0,0,0,0,0,0,0,0,0,0,0,0,0,0,0,0,0,0,0,0,0,0,0,0,0,0,0,0,0,0,0,0,0,0,0,0,0,0,0,0,0,0,0,0,0,0,0,0,0,0,0,0,0,0,0,0,0,0,0,0,0,0,0,0,0,0,0,0,0,0,0,0,0,0,0,0,0,0,0,0,0,0,0,0,0,0,0,0,0,0,0,0,0,0,0,0,0,0,0,0,0,0,0,0,0,0,0,0,0,0,0,0,0,0,0,0,0,0,0,0,0,0,0,0,0,0,0,0,0,0,0,0,0,0,0
90,90,159,3.8623270988464355,38,1,2,1,1,1,1,1,28,1,7,1,8,1,20,1,3,1,1,1,10,1,15,1,23,1,4,1,1,1,3,1,2,1,1,1,8,1,1,0,0,0,0,0,0,0,0,0,0,0,0,0,0,0,0,0,0,0,0,0,0,0,0,0,0,0,0,0,0,0,0,0,0,0,0,0,0,0,0,0,0,0,0,0,0,0,0,0,0,0,0,0,0,0,0,0,0,0,0,0,0,0,0,0,0,0,0,0,0,0,0,0,0,0,0,0,0,0,0,0,0,0,0,0,0,0,0,0,0,0,0,0,0,0,0,0,0,0,0,0,0,0,0,0,0,0,0,0,0,0,0,0,0,0,0,0,0,0,0,0,0,0,0,0,0,0,0,0,0,0,0,0,0,0,0,0,0,0,0,0,0,0,0,0,0,0,0,0,0,0,0,0,0,0,0,0,0,0,0,0,0,0,0,0
91,91,204,7.908178091049194,49,1,1,1,2,1,1,1,1,16,1,11,1,4,1,1,1,24,1,4,1,20,1,12,1,1,1,5,1,1,1,6,1,1,1,1,1,5,2,1,1,21,2,2,1,20,1,4,1,12,0,0,0,0,0,0,0,0,0,0,0,0,0,0,0,0,0,0,0,0,0,0,0,0,0,0,0,0,0,0,0,0,0,0,0,0,0,0,0,0,0,0,0,0,0,0,0,0,0,0,0,0,0,0,0,0,0,0,0,0,0,0,0,0,0,0,0,0,0,0,0,0,0,0,0,0,0,0,0,0,0,0,0,0,0,0,0,0,0,0,0,0,0,0,0,0,0,0,0,0,0,0,0,0,0,0,0,0,0,0,0,0,0,0,0,0,0,0,0,0,0,0,0,0,0,0,0,0,0,0,0,0,0,0,0,0,0,0,0,0,0,0,0,0,0,0,0,0,0,0,0,0,0,0
92,92,432,12.027889013290405,83,1,1,1,1,1,1,1,14,1,2,1,6,1,19,1,23,1,3,1,20,1,1,2,2,1,26,1,21,1,21,1,3,1,3,1,1,1,28,1,5,1,1,1,13,2,1,1,27,1,7,1,1,1,2,1,1,1,6,1,17,1,18,1,1,1,9,1,13,1,26,1,4,1,6,2,1,1,1,1,2,1,21,1,0,0,0,0,0,0,0,0,0,0,0,0,0,0,0,0,0,0,0,0,0,0,0,0,0,0,0,0,0,0,0,0,0,0,0,0,0,0,0,0,0,0,0,0,0,0,0,0,0,0,0,0,0,0,0,0,0,0,0,0,0,0,0,0,0,0,0,0,0,0,0,0,0,0,0,0,0,0,0,0,0,0,0,0,0,0,0,0,0,0,0,0,0,0,0,0,0,0,0,0,0,0,0,0,0,0,0,0,0,0,0,0,0,0,0,0,0,0,0,0
93,93,239,4.942149877548218,47,1,1,1,1,2,2,1,9,1,14,1,27,1,1,2,1,1,26,1,15,1,1,1,5,1,16,1,5,1,1,1,12,1,1,1,7,1,14,1,1,1,27,1,5,1,16,1,0,0,0,0,0,0,0,0,0,0,0,0,0,0,0,0,0,0,0,0,0,0,0,0,0,0,0,0,0,0,0,0,0,0,0,0,0,0,0,0,0,0,0,0,0,0,0,0,0,0,0,0,0,0,0,0,0,0,0,0,0,0,0,0,0,0,0,0,0,0,0,0,0,0,0,0,0,0,0,0,0,0,0,0,0,0,0,0,0,0,0,0,0,0,0,0,0,0,0,0,0,0,0,0,0,0,0,0,0,0,0,0,0,0,0,0,0,0,0,0,0,0,0,0,0,0,0,0,0,0,0,0,0,0,0,0,0,0,0,0,0,0,0,0,0,0,0,0,0,0,0,0,0,0,0,0
94,94,299,7.745085000991821,54,1,1,1,1,1,1,2,20,1,4,1,21,1,17,1,7,2,1,1,26,1,19,1,4,1,21,2,1,1,19,1,5,1,12,2,2,1,24,1,15,1,1,1,16,1,1,1,1,1,16,1,10,1,1,0,0,0,0,0,0,0,0,0,0,0,0,0,0,0,0,0,0,0,0,0,0,0,0,0,0,0,0,0,0,0,0,0,0,0,0,0,0,0,0,0,0,0,0,0,0,0,0,0,0,0,0,0,0,0,0,0,0,0,0,0,0,0,0,0,0,0,0,0,0,0,0,0,0,0,0,0,0,0,0,0,0,0,0,0,0,0,0,0,0,0,0,0,0,0,0,0,0,0,0,0,0,0,0,0,0,0,0,0,0,0,0,0,0,0,0,0,0,0,0,0,0,0,0,0,0,0,0,0,0,0,0,0,0,0,0,0,0,0,0,0,0,0,0,0,0,0,0,0
95,95,274,6.97870397567749,51,1,1,1,2,1,1,1,23,1,7,1,1,1,9,1,10,1,1,1,23,1,12,1,8,1,16,1,1,1,15,1,4,1,1,2,22,1,19,1,3,1,1,1,22,1,21,1,18,1,1,1,0,0,0,0,0,0,0,0,0,0,0,0,0,0,0,0,0,0,0,0,0,0,0,0,0,0,0,0,0,0,0,0,0,0,0,0,0,0,0,0,0,0,0,0,0,0,0,0,0,0,0,0,0,0,0,0,0,0,0,0,0,0,0,0,0,0,0,0,0,0,0,0,0,0,0,0,0,0,0,0,0,0,0,0,0,0,0,0,0,0,0,0,0,0,0,0,0,0,0,0,0,0,0,0,0,0,0,0,0,0,0,0,0,0,0,0,0,0,0,0,0,0,0,0,0,0,0,0,0,0,0,0,0,0,0,0,0,0,0,0,0,0,0,0,0,0,0,0,0,0,0,0
96,96,456,8.962877035140991,95,1,1,2,1,1,1,1,25,1,13,1,10,1,2,1,1,2,18,1,1,1,2,1,1,1,11,1,13,1,22,1,9,1,13,1,4,1,1,1,25,1,1,1,20,1,11,1,1,1,13,1,10,1,11,1,1,1,29,1,8,1,1,1,23,1,1,1,4,2,1,1,1,1,1,1,2,1,25,1,19,1,4,1,5,1,1,1,24,1,1,1,1,1,11,1,0,0,0,0,0,0,0,0,0,0,0,0,0,0,0,0,0,0,0,0,0,0,0,0,0,0,0,0,0,0,0,0,0,0,0,0,0,0,0,0,0,0,0,0,0,0,0,0,0,0,0,0,0,0,0,0,0,0,0,0,0,0,0,0,0,0,0,0,0,0,0,0,0,0,0,0,0,0,0,0,0,0,0,0,0,0,0,0,0,0,0,0,0,0,0,0,0,0,0,0,0,0,0,0,0,0,0,0
97,97,517,11.059344053268433,104,1,1,1,1,1,1,2,15,1,1,1,24,1,3,1,20,1,13,1,1,1,10,1,13,1,12,1,2,1,21,1,7,1,17,1,16,1,4,2,1,1,30,1,4,2,2,1,6,1,15,1,8,1,1,1,22,1,1,1,3,1,1,1,11,1,2,1,23,1,6,1,4,1,1,1,27,1,11,1,9,1,11,1,5,1,1,1,15,1,11,1,11,1,1,1,9,1,1,1,12,1,12,2,1,0,0,0,0,0,0,0,0,0,0,0,0,0,0,0,0,0,0,0,0,0,0,0,0,0,0,0,0,0,0,0,0,0,0,0,0,0,0,0,0,0,0,0,0,0,0,0,0,0,0,0,0,0,0,0,0,0,0,0,0,0,0,0,0,0,0,0,0,0,0,0,0,0,0,0,0,0,0,0,0,0,0,0,0,0,0,0,0,0,0,0,0,0,0,0,0,0,0,0
98,98,113,3.782149076461792,30,1,1,1,1,1,1,1,10,1,1,1,14,1,1,1,9,1,18,1,13,1,1,1,14,1,10,1,2,1,1,0,0,0,0,0,0,0,0,0,0,0,0,0,0,0,0,0,0,0,0,0,0,0,0,0,0,0,0,0,0,0,0,0,0,0,0,0,0,0,0,0,0,0,0,0,0,0,0,0,0,0,0,0,0,0,0,0,0,0,0,0,0,0,0,0,0,0,0,0,0,0,0,0,0,0,0,0,0,0,0,0,0,0,0,0,0,0,0,0,0,0,0,0,0,0,0,0,0,0,0,0,0,0,0,0,0,0,0,0,0,0,0,0,0,0,0,0,0,0,0,0,0,0,0,0,0,0,0,0,0,0,0,0,0,0,0,0,0,0,0,0,0,0,0,0,0,0,0,0,0,0,0,0,0,0,0,0,0,0,0,0,0,0,0,0,0,0,0,0,0,0,0,0
99,99,464,12.110955953598022,89,1,2,1,1,1,1,1,25,2,1,1,25,1,8,1,1,1,11,1,10,1,1,1,10,1,1,1,24,1,9,1,2,1,2,1,12,2,1,1,20,1,12,1,8,1,1,1,25,2,30,1,4,1,5,2,1,2,21,1,18,1,1,1,4,1,1,1,22,1,13,1,5,1,20,1,1,2,14,1,1,1,1,1,23,1,11,1,1,1,0,0,0,0,0,0,0,0,0,0,0,0,0,0,0,0,0,0,0,0,0,0,0,0,0,0,0,0,0,0,0,0,0,0,0,0,0,0,0,0,0,0,0,0,0,0,0,0,0,0,0,0,0,0,0,0,0,0,0,0,0,0,0,0,0,0,0,0,0,0,0,0,0,0,0,0,0,0,0,0,0,0,0,0,0,0,0,0,0,0,0,0,0,0,0,0,0,0,0,0,0,0,0,0,0,0,0,0,0,0,0,0,0,0
