,label,size,time,nb_rounds,round1,round2,round3,round4,round5,round6,round7,round8,round9,round10,round11,round12,round13,round14,round15,round16,round17,round18,round19,round20,round21,round22,round23,round24,round25,round26,round27,round28,round29,round30,round31,round32,round33,round34,round35,round36,round37,round38,round39,round40,round41,round42,round43,round44,round45,round46,round47,round48,round49,round50,round51,round52,round53,round54,round55,round56,round57,round58,round59,round60,round61,round62,round63,round64,round65,round66,round67,round68,round69,round70,round71,round72,round73,round74,round75,round76,round77,round78,round79,round80,round81,round82,round83,round84,round85,round86,round87,round88,round89,round90,round91,round92,round93,round94,round95,round96,round97,round98,round99,round100,round101,round102,round103,round104,round105,round106,round107,round108,round109,round110,round111,round112,round113,round114,round115,round116,round117,round118,round119,round120,round121,round122,round123,round124,round125,round126,round127,round128,round129,round130,round131,round132,round133,round134,round135,round136,round137,round138,round139,round140,round141,round142,round143,round144,round145,round146,round147,round148,round149,round150,round151,round152,round153,round154,round155,round156,round157,round158,round159,round160,round161,round162,round163,round164,round165,round166,round167,round168,round169,round170,round171,round172,round173,round174,round175,round176,round177,round178,round179,round180,round181,round182,round183,round184,round185,round186,round187,round188,round189,round190,round191,round192,round193,round194,round195,round196,round197,round198,round199,round200,round201,round202,round203
0,1,539,10.017484903335571,149,3,1,1,1,1,1,1,1,1,1,1,1,1,1,2,1,1,9,2,1,1,1,1,1,1,2,1,1,2,7,1,1,1,17,1,20,2,6,1,1,1,1,1,12,1,3,1,11,1,10,1,1,1,6,1,19,1,16,1,6,1,3,1,5,1,4,1,7,1,1,1,13,1,1,2,1,1,1,1,23,1,3,1,10,1,1,1,3,1,1,1,7,1,19,1,6,1,14,1,3,1,1,1,12,2,1,1,1,1,2,1,9,1,1,2,4,1,6,1,3,1,14,1,20,3,2,1,14,2,1,1,3,1,10,2,2,1,25,1,9,1,1,1,1,1,12,1,1,1,0,0,0,0,0,0,0,0,0,0,0,0,0,0,0,0,0,0,0,0,0,0,0,0,0,0,0,0,0,0,0,0,0,0,0,0,0,0,0,0,0,0,0,0,0,0,0,0,0,0,0,0,0,0
1,10,116,2.872804880142212,27,1,1,1,1,2,1,1,21,1,1,1,23,1,14,1,1,1,1,1,4,1,1,1,18,1,1,1,0,0,0,0,0,0,0,0,0,0,0,0,0,0,0,0,0,0,0,0,0,0,0,0,0,0,0,0,0,0,0,0,0,0,0,0,0,0,0,0,0,0,0,0,0,0,0,0,0,0,0,0,0,0,0,0,0,0,0,0,0,0,0,0,0,0,0,0,0,0,0,0,0,0,0,0,0,0,0,0,0,0,0,0,0,0,0,0,0,0,0,0,0,0,0,0,0,0,0,0,0,0,0,0,0,0,0,0,0,0,0,0,0,0,0,0,0,0,0,0,0,0,0,0,0,0,0,0,0,0,0,0,0,0,0,0,0,0,0,0,0,0,0,0,0,0,0,0,0,0,0,0,0,0,0,0,0,0,0,0,0,0,0,0,0,0,0,0,0,0,0,0,0,0,0,0
2,100,491,5.850273847579956,96,1,1,1,2,1,1,1,28,2,11,1,1,1,17,1,1,1,6,1,1,1,16,1,11,1,20,1,1,1,1,1,8,1,15,1,5,1,1,1,23,1,2,1,3,1,1,1,23,1,1,1,15,1,10,1,20,1,13,1,3,1,1,1,22,2,1,1,17,1,9,1,19,2,1,1,20,1,6,1,16,1,1,1,1,1,15,1,9,1,19,1,14,1,6,1,1,0,0,0,0,0,0,0,0,0,0,0,0,0,0,0,0,0,0,0,0,0,0,0,0,0,0,0,0,0,0,0,0,0,0,0,0,0,0,0,0,0,0,0,0,0,0,0,0,0,0,0,0,0,0,0,0,0,0,0,0,0,0,0,0,0,0,0,0,0,0,0,0,0,0,0,0,0,0,0,0,0,0,0,0,0,0,0,0,0,0,0,0,0,0,0,0,0,0,0,0,0,0,0,0,0,0,0
3,11,462,7.94124698638916,90,1,1,1,1,1,1,1,3,1,14,1,1,1,22,1,10,1,3,1,1,1,22,1,20,1,1,1,1,1,9,1,1,1,22,3,2,1,12,1,15,1,16,1,6,1,1,1,6,1,12,1,1,1,24,1,7,1,24,1,6,1,3,1,1,2,15,1,8,1,26,1,5,1,9,2,2,1,25,1,9,1,14,1,3,1,1,1,24,2,1,0,0,0,0,0,0,0,0,0,0,0,0,0,0,0,0,0,0,0,0,0,0,0,0,0,0,0,0,0,0,0,0,0,0,0,0,0,0,0,0,0,0,0,0,0,0,0,0,0,0,0,0,0,0,0,0,0,0,0,0,0,0,0,0,0,0,0,0,0,0,0,0,0,0,0,0,0,0,0,0,0,0,0,0,0,0,0,0,0,0,0,0,0,0,0,0,0,0,0,0,0,0,0,0,0,0,0,0,0,0,0,0,0
4,12,314,6.933634996414185,63,1,1,1,1,1,1,1,19,1,1,1,3,1,20,1,23,2,2,1,1,1,25,1,17,1,1,1,21,1,1,1,22,1,10,1,1,1,3,1,1,1,21,1,1,2,2,1,6,1,7,1,1,2,22,1,11,1,10,1,10,1,1,1,0,0,0,0,0,0,0,0,0,0,0,0,0,0,0,0,0,0,0,0,0,0,0,0,0,0,0,0,0,0,0,0,0,0,0,0,0,0,0,0,0,0,0,0,0,0,0,0,0,0,0,0,0,0,0,0,0,0,0,0,0,0,0,0,0,0,0,0,0,0,0,0,0,0,0,0,0,0,0,0,0,0,0,0,0,0,0,0,0,0,0,0,0,0,0,0,0,0,0,0,0,0,0,0,0,0,0,0,0,0,0,0,0,0,0,0,0,0,0,0,0,0,0,0,0,0,0,0,0,0,0,0,0,0,0,0,0,0,0,0
5,13,384,7.979407787322998,81,1,1,1,1,1,1,1,16,1,1,1,3,1,12,1,1,1,25,1,4,1,13,1,1,1,6,2,1,1,1,1,29,1,3,1,5,1,1,1,18,2,2,1,16,1,10,1,21,1,11,1,4,1,1,1,23,1,19,1,1,1,10,1,1,1,20,1,1,1,15,1,11,1,19,1,5,1,2,1,1,1,0,0,0,0,0,0,0,0,0,0,0,0,0,0,0,0,0,0,0,0,0,0,0,0,0,0,0,0,0,0,0,0,0,0,0,0,0,0,0,0,0,0,0,0,0,0,0,0,0,0,0,0,0,0,0,0,0,0,0,0,0,0,0,0,0,0,0,0,0,0,0,0,0,0,0,0,0,0,0,0,0,0,0,0,0,0,0,0,0,0,0,0,0,0,0,0,0,0,0,0,0,0,0,0,0,0,0,0,0,0,0,0,0,0,0,0,0,0,0,0,0,0
6,14,340,6.984300136566162,67,1,1,1,2,1,1,1,20,1,4,1,23,1,8,1,1,1,8,1,19,1,6,1,1,1,22,2,23,1,2,2,1,1,19,1,3,1,20,1,10,1,1,1,6,1,4,1,1,1,25,1,24,2,10,1,1,1,10,2,2,1,17,1,3,1,1,1,0,0,0,0,0,0,0,0,0,0,0,0,0,0,0,0,0,0,0,0,0,0,0,0,0,0,0,0,0,0,0,0,0,0,0,0,0,0,0,0,0,0,0,0,0,0,0,0,0,0,0,0,0,0,0,0,0,0,0,0,0,0,0,0,0,0,0,0,0,0,0,0,0,0,0,0,0,0,0,0,0,0,0,0,0,0,0,0,0,0,0,0,0,0,0,0,0,0,0,0,0,0,0,0,0,0,0,0,0,0,0,0,0,0,0,0,0,0,0,0,0,0,0,0,0,0,0,0,0,0,0,0,0,0,0,0
7,15,522,8.989611148834229,106,1,1,1,1,1,1,1,7,1,1,1,18,1,3,1,2,1,1,1,28,1,7,1,7,1,2,1,1,1,29,1,9,1,2,1,1,1,3,1,1,1,27,1,13,1,2,1,17,1,1,1,26,1,22,1,9,2,1,1,13,1,11,1,3,1,1,1,23,1,2,1,7,1,1,1,31,1,3,1,8,1,15,2,2,1,21,1,7,1,8,1,1,1,26,1,8,1,10,1,7,3,2,1,10,1,1,0,0,0,0,0,0,0,0,0,0,0,0,0,0,0,0,0,0,0,0,0,0,0,0,0,0,0,0,0,0,0,0,0,0,0,0,0,0,0,0,0,0,0,0,0,0,0,0,0,0,0,0,0,0,0,0,0,0,0,0,0,0,0,0,0,0,0,0,0,0,0,0,0,0,0,0,0,0,0,0,0,0,0,0,0,0,0,0,0,0,0,0,0,0,0,0,0
8,16,378,9.0137619972229,81,1,1,1,1,1,1,1,24,1,2,1,1,1,6,1,17,1,14,1,1,1,13,1,12,1,15,1,1,1,1,1,7,1,1,1,7,1,21,1,15,1,1,1,6,1,19,1,21,1,3,1,1,1,3,1,3,2,1,1,1,1,7,2,2,1,23,1,21,2,10,1,1,1,22,1,1,1,3,1,20,1,0,0,0,0,0,0,0,0,0,0,0,0,0,0,0,0,0,0,0,0,0,0,0,0,0,0,0,0,0,0,0,0,0,0,0,0,0,0,0,0,0,0,0,0,0,0,0,0,0,0,0,0,0,0,0,0,0,0,0,0,0,0,0,0,0,0,0,0,0,0,0,0,0,0,0,0,0,0,0,0,0,0,0,0,0,0,0,0,0,0,0,0,0,0,0,0,0,0,0,0,0,0,0,0,0,0,0,0,0,0,0,0,0,0,0,0,0,0,0,0,0,0
9,17,499,11.949944019317627,106,1,1,1,1,1,1,1,6,1,1,1,7,2,1,1,1,1,7,1,20,1,12,1,1,1,15,1,9,1,23,1,10,1,5,1,1,1,22,1,14,1,5,1,10,1,1,2,23,1,4,1,4,1,1,1,23,1,1,1,5,1,1,1,18,1,7,1,19,1,1,1,6,1,1,1,17,1,10,1,9,1,1,1,20,1,5,1,18,2,1,1,22,1,4,1,2,1,1,1,24,1,16,1,3,1,1,0,0,0,0,0,0,0,0,0,0,0,0,0,0,0,0,0,0,0,0,0,0,0,0,0,0,0,0,0,0,0,0,0,0,0,0,0,0,0,0,0,0,0,0,0,0,0,0,0,0,0,0,0,0,0,0,0,0,0,0,0,0,0,0,0,0,0,0,0,0,0,0,0,0,0,0,0,0,0,0,0,0,0,0,0,0,0,0,0,0,0,0,0,0,0,0,0
10,18,406,6.9424309730529785,74,2,1,1,1,1,1,1,24,1,12,1,11,1,21,1,1,1,14,1,12,1,20,1,14,1,4,1,1,1,21,1,1,1,11,1,1,1,6,1,3,1,1,1,26,1,22,1,17,1,2,1,1,1,20,1,4,1,11,1,1,1,23,1,8,1,11,1,21,1,1,1,9,1,9,0,0,0,0,0,0,0,0,0,0,0,0,0,0,0,0,0,0,0,0,0,0,0,0,0,0,0,0,0,0,0,0,0,0,0,0,0,0,0,0,0,0,0,0,0,0,0,0,0,0,0,0,0,0,0,0,0,0,0,0,0,0,0,0,0,0,0,0,0,0,0,0,0,0,0,0,0,0,0,0,0,0,0,0,0,0,0,0,0,0,0,0,0,0,0,0,0,0,0,0,0,0,0,0,0,0,0,0,0,0,0,0,0,0,0,0,0,0,0,0,0,0,0,0,0,0,0,0,0
11,19,485,8.78197693824768,94,1,1,1,2,1,1,2,3,1,20,1,22,1,1,1,7,1,1,1,27,1,9,1,9,1,19,1,3,1,1,1,13,1,12,1,16,1,7,1,1,1,6,1,18,1,21,1,4,1,3,1,1,1,13,2,2,1,27,1,1,1,7,1,1,1,24,1,16,1,4,1,1,1,26,1,8,1,1,1,11,1,16,1,21,1,6,1,16,1,3,2,1,1,1,0,0,0,0,0,0,0,0,0,0,0,0,0,0,0,0,0,0,0,0,0,0,0,0,0,0,0,0,0,0,0,0,0,0,0,0,0,0,0,0,0,0,0,0,0,0,0,0,0,0,0,0,0,0,0,0,0,0,0,0,0,0,0,0,0,0,0,0,0,0,0,0,0,0,0,0,0,0,0,0,0,0,0,0,0,0,0,0,0,0,0,0,0,0,0,0,0,0,0,0,0,0,0,0,0,0,0,0,0
12,2,475,9.911980152130127,128,1,1,2,1,1,1,2,1,1,4,1,1,1,2,1,9,1,1,2,1,1,1,1,7,1,1,1,6,1,19,3,1,1,1,1,1,1,25,1,3,1,18,1,5,2,1,1,1,1,1,1,23,1,3,1,12,1,1,1,1,2,1,1,2,1,26,1,4,1,18,1,7,1,1,1,16,1,6,1,4,1,1,1,1,1,26,1,5,1,1,1,10,2,1,1,1,1,1,1,2,1,2,1,1,1,3,1,24,1,13,1,1,1,6,1,20,1,8,1,1,1,21,1,3,2,1,1,10,0,0,0,0,0,0,0,0,0,0,0,0,0,0,0,0,0,0,0,0,0,0,0,0,0,0,0,0,0,0,0,0,0,0,0,0,0,0,0,0,0,0,0,0,0,0,0,0,0,0,0,0,0,0,0,0,0,0,0,0,0,0,0,0,0,0,0,0,0,0,0,0,0,0,0
13,20,285,4.698931932449341,52,1,1,1,1,1,1,1,12,1,12,1,24,1,9,1,10,1,1,1,1,1,13,1,1,1,21,2,21,1,17,1,1,1,3,1,22,1,19,1,2,2,1,1,23,1,21,1,1,1,17,1,1,0,0,0,0,0,0,0,0,0,0,0,0,0,0,0,0,0,0,0,0,0,0,0,0,0,0,0,0,0,0,0,0,0,0,0,0,0,0,0,0,0,0,0,0,0,0,0,0,0,0,0,0,0,0,0,0,0,0,0,0,0,0,0,0,0,0,0,0,0,0,0,0,0,0,0,0,0,0,0,0,0,0,0,0,0,0,0,0,0,0,0,0,0,0,0,0,0,0,0,0,0,0,0,0,0,0,0,0,0,0,0,0,0,0,0,0,0,0,0,0,0,0,0,0,0,0,0,0,0,0,0,0,0,0,0,0,0,0,0,0,0,0,0,0,0,0,0,0,0,0,0
14,21,225,3.753387212753296,40,1,1,1,1,2,2,1,34,1,18,1,7,1,1,1,2,1,1,1,21,1,21,1,1,1,17,1,4,1,23,2,1,1,19,1,6,1,20,1,2,0,0,0,0,0,0,0,0,0,0,0,0,0,0,0,0,0,0,0,0,0,0,0,0,0,0,0,0,0,0,0,0,0,0,0,0,0,0,0,0,0,0,0,0,0,0,0,0,0,0,0,0,0,0,0,0,0,0,0,0,0,0,0,0,0,0,0,0,0,0,0,0,0,0,0,0,0,0,0,0,0,0,0,0,0,0,0,0,0,0,0,0,0,0,0,0,0,0,0,0,0,0,0,0,0,0,0,0,0,0,0,0,0,0,0,0,0,0,0,0,0,0,0,0,0,0,0,0,0,0,0,0,0,0,0,0,0,0,0,0,0,0,0,0,0,0,0,0,0,0,0,0,0,0,0,0,0,0,0,0,0,0,0
15,22,309,6.813010931015015,64,1,1,1,1,1,1,1,10,1,14,1,2,2,1,1,24,1,5,1,19,1,9,1,1,1,10,1,1,1,3,1,6,1,1,1,23,1,17,1,4,1,22,1,4,1,1,1,18,1,5,1,15,1,1,1,21,3,2,1,24,1,6,1,1,0,0,0,0,0,0,0,0,0,0,0,0,0,0,0,0,0,0,0,0,0,0,0,0,0,0,0,0,0,0,0,0,0,0,0,0,0,0,0,0,0,0,0,0,0,0,0,0,0,0,0,0,0,0,0,0,0,0,0,0,0,0,0,0,0,0,0,0,0,0,0,0,0,0,0,0,0,0,0,0,0,0,0,0,0,0,0,0,0,0,0,0,0,0,0,0,0,0,0,0,0,0,0,0,0,0,0,0,0,0,0,0,0,0,0,0,0,0,0,0,0,0,0,0,0,0,0,0,0,0,0,0,0,0,0,0,0,0,0
16,23,357,5.731590986251831,70,1,1,1,1,1,1,1,3,1,22,1,18,1,6,1,7,1,1,1,1,1,25,1,8,1,16,1,5,1,1,1,24,2,18,1,23,1,3,2,2,1,9,1,1,1,27,1,9,1,3,1,1,1,10,1,1,1,3,2,2,1,23,2,21,1,19,1,1,1,1,0,0,0,0,0,0,0,0,0,0,0,0,0,0,0,0,0,0,0,0,0,0,0,0,0,0,0,0,0,0,0,0,0,0,0,0,0,0,0,0,0,0,0,0,0,0,0,0,0,0,0,0,0,0,0,0,0,0,0,0,0,0,0,0,0,0,0,0,0,0,0,0,0,0,0,0,0,0,0,0,0,0,0,0,0,0,0,0,0,0,0,0,0,0,0,0,0,0,0,0,0,0,0,0,0,0,0,0,0,0,0,0,0,0,0,0,0,0,0,0,0,0,0,0,0,0,0,0,0,0,0,0,0
17,24,451,7.011250019073486,80,1,1,1,1,1,1,1,24,2,1,1,19,1,3,2,1,1,23,1,19,1,3,1,9,1,1,1,23,1,12,1,8,1,20,1,1,1,1,1,9,1,15,2,1,1,25,1,1,1,18,1,19,1,1,1,6,1,16,1,20,1,6,2,1,1,23,1,15,1,1,1,6,1,20,1,19,1,4,1,9,0,0,0,0,0,0,0,0,0,0,0,0,0,0,0,0,0,0,0,0,0,0,0,0,0,0,0,0,0,0,0,0,0,0,0,0,0,0,0,0,0,0,0,0,0,0,0,0,0,0,0,0,0,0,0,0,0,0,0,0,0,0,0,0,0,0,0,0,0,0,0,0,0,0,0,0,0,0,0,0,0,0,0,0,0,0,0,0,0,0,0,0,0,0,0,0,0,0,0,0,0,0,0,0,0,0,0,0,0,0,0,0,0,0,0,0,0,0,0,0,0,0,0
18,25,538,12.0174880027771,94,1,1,1,1,1,1,1,20,2,1,1,6,1,19,1,20,1,2,1,1,1,24,1,8,1,1,1,12,1,11,2,1,1,29,1,4,2,1,1,24,1,15,1,6,1,3,1,1,1,15,1,1,1,20,1,6,1,19,1,1,1,21,2,1,1,40,2,6,1,1,1,17,1,1,1,22,1,3,1,15,1,1,1,22,1,15,1,1,1,35,2,6,1,3,0,0,0,0,0,0,0,0,0,0,0,0,0,0,0,0,0,0,0,0,0,0,0,0,0,0,0,0,0,0,0,0,0,0,0,0,0,0,0,0,0,0,0,0,0,0,0,0,0,0,0,0,0,0,0,0,0,0,0,0,0,0,0,0,0,0,0,0,0,0,0,0,0,0,0,0,0,0,0,0,0,0,0,0,0,0,0,0,0,0,0,0,0,0,0,0,0,0,0,0,0,0,0,0,0,0,0,0,0
19,26,318,8.992274045944214,74,1,1,1,1,1,1,1,23,1,3,1,2,1,1,1,23,1,8,1,11,1,1,1,18,1,1,1,20,1,8,1,6,1,1,1,16,1,1,1,15,1,8,2,1,1,28,1,3,1,14,1,3,1,1,1,21,1,1,1,3,2,2,1,3,1,3,1,1,1,9,1,1,1,15,0,0,0,0,0,0,0,0,0,0,0,0,0,0,0,0,0,0,0,0,0,0,0,0,0,0,0,0,0,0,0,0,0,0,0,0,0,0,0,0,0,0,0,0,0,0,0,0,0,0,0,0,0,0,0,0,0,0,0,0,0,0,0,0,0,0,0,0,0,0,0,0,0,0,0,0,0,0,0,0,0,0,0,0,0,0,0,0,0,0,0,0,0,0,0,0,0,0,0,0,0,0,0,0,0,0,0,0,0,0,0,0,0,0,0,0,0,0,0,0,0,0,0,0,0,0,0,0,0
20,27,407,5.657662868499756,68,1,1,1,1,1,1,1,23,1,7,1,17,1,19,1,1,1,9,1,16,1,22,1,1,1,3,1,1,1,18,2,2,1,27,1,20,1,5,2,2,1,23,2,24,1,6,1,1,1,8,1,19,1,17,1,8,1,3,1,1,1,23,1,23,1,3,1,13,0,0,0,0,0,0,0,0,0,0,0,0,0,0,0,0,0,0,0,0,0,0,0,0,0,0,0,0,0,0,0,0,0,0,0,0,0,0,0,0,0,0,0,0,0,0,0,0,0,0,0,0,0,0,0,0,0,0,0,0,0,0,0,0,0,0,0,0,0,0,0,0,0,0,0,0,0,0,0,0,0,0,0,0,0,0,0,0,0,0,0,0,0,0,0,0,0,0,0,0,0,0,0,0,0,0,0,0,0,0,0,0,0,0,0,0,0,0,0,0,0,0,0,0,0,0,0,0,0,0,0,0,0,0,0
21,28,344,5.942065000534058,65,1,1,1,1,1,1,1,18,1,4,1,12,1,1,1,21,1,4,1,4,1,1,1,29,1,9,1,9,1,14,1,1,1,28,2,19,1,14,1,3,3,2,1,25,1,10,1,1,1,6,1,18,1,11,1,1,1,12,1,11,1,4,2,2,1,0,0,0,0,0,0,0,0,0,0,0,0,0,0,0,0,0,0,0,0,0,0,0,0,0,0,0,0,0,0,0,0,0,0,0,0,0,0,0,0,0,0,0,0,0,0,0,0,0,0,0,0,0,0,0,0,0,0,0,0,0,0,0,0,0,0,0,0,0,0,0,0,0,0,0,0,0,0,0,0,0,0,0,0,0,0,0,0,0,0,0,0,0,0,0,0,0,0,0,0,0,0,0,0,0,0,0,0,0,0,0,0,0,0,0,0,0,0,0,0,0,0,0,0,0,0,0,0,0,0,0,0,0,0,0,0,0,0
22,29,561,8.872047901153564,98,1,1,1,1,1,1,1,15,1,3,1,1,1,29,1,16,1,1,1,4,1,1,1,21,1,12,1,12,1,17,2,1,1,21,1,5,1,17,1,1,1,19,1,5,1,5,2,2,1,24,1,6,1,13,1,18,1,4,1,1,1,6,1,16,1,19,1,6,1,16,1,1,1,24,1,6,2,1,1,23,1,22,2,17,1,1,1,23,1,1,2,1,1,28,1,16,2,1,0,0,0,0,0,0,0,0,0,0,0,0,0,0,0,0,0,0,0,0,0,0,0,0,0,0,0,0,0,0,0,0,0,0,0,0,0,0,0,0,0,0,0,0,0,0,0,0,0,0,0,0,0,0,0,0,0,0,0,0,0,0,0,0,0,0,0,0,0,0,0,0,0,0,0,0,0,0,0,0,0,0,0,0,0,0,0,0,0,0,0,0,0,0,0,0,0,0,0,0,0,0,0,0,0
23,3,576,10.872230052947998,104,1,1,1,1,1,1,1,1,1,26,1,9,2,2,1,14,1,12,1,16,1,1,1,18,1,7,1,22,1,9,1,1,1,13,1,6,1,1,1,25,1,9,1,3,1,11,1,8,1,1,1,26,3,2,1,26,1,21,1,9,1,1,1,25,1,18,1,6,1,14,1,1,1,12,1,1,1,10,1,15,1,2,1,1,1,25,1,6,1,15,1,3,1,1,1,25,1,1,1,19,1,16,1,1,0,0,0,0,0,0,0,0,0,0,0,0,0,0,0,0,0,0,0,0,0,0,0,0,0,0,0,0,0,0,0,0,0,0,0,0,0,0,0,0,0,0,0,0,0,0,0,0,0,0,0,0,0,0,0,0,0,0,0,0,0,0,0,0,0,0,0,0,0,0,0,0,0,0,0,0,0,0,0,0,0,0,0,0,0,0,0,0,0,0,0,0,0,0,0,0,0,0,0
24,30,267,5.908145904541016,52,1,1,1,1,1,1,1,25,1,9,1,8,1,7,1,2,1,22,1,4,1,24,1,10,2,2,1,14,1,8,1,19,1,1,1,12,2,1,1,24,2,1,1,6,2,2,1,18,1,5,1,9,0,0,0,0,0,0,0,0,0,0,0,0,0,0,0,0,0,0,0,0,0,0,0,0,0,0,0,0,0,0,0,0,0,0,0,0,0,0,0,0,0,0,0,0,0,0,0,0,0,0,0,0,0,0,0,0,0,0,0,0,0,0,0,0,0,0,0,0,0,0,0,0,0,0,0,0,0,0,0,0,0,0,0,0,0,0,0,0,0,0,0,0,0,0,0,0,0,0,0,0,0,0,0,0,0,0,0,0,0,0,0,0,0,0,0,0,0,0,0,0,0,0,0,0,0,0,0,0,0,0,0,0,0,0,0,0,0,0,0,0,0,0,0,0,0,0,0,0,0,0,0
25,31,465,7.726751804351807,86,1,1,1,1,1,1,1,23,1,3,2,2,1,19,1,15,1,9,1,17,1,1,1,3,1,1,1,14,1,1,1,25,1,19,1,8,1,1,1,19,1,7,1,8,1,1,1,23,1,8,1,1,1,1,1,25,1,16,1,15,1,1,1,25,1,3,1,16,2,1,1,15,1,2,1,13,1,11,1,21,1,8,1,13,1,2,0,0,0,0,0,0,0,0,0,0,0,0,0,0,0,0,0,0,0,0,0,0,0,0,0,0,0,0,0,0,0,0,0,0,0,0,0,0,0,0,0,0,0,0,0,0,0,0,0,0,0,0,0,0,0,0,0,0,0,0,0,0,0,0,0,0,0,0,0,0,0,0,0,0,0,0,0,0,0,0,0,0,0,0,0,0,0,0,0,0,0,0,0,0,0,0,0,0,0,0,0,0,0,0,0,0,0,0,0,0,0,0,0,0,0,0,0
26,32,365,5.970303058624268,68,1,1,1,2,1,1,1,3,1,20,1,9,1,1,1,19,1,10,1,8,1,1,1,19,1,1,1,11,1,9,1,23,1,5,1,12,1,1,1,24,1,9,1,12,1,9,1,1,1,22,2,23,1,11,1,1,1,14,1,14,1,5,1,1,1,22,1,5,0,0,0,0,0,0,0,0,0,0,0,0,0,0,0,0,0,0,0,0,0,0,0,0,0,0,0,0,0,0,0,0,0,0,0,0,0,0,0,0,0,0,0,0,0,0,0,0,0,0,0,0,0,0,0,0,0,0,0,0,0,0,0,0,0,0,0,0,0,0,0,0,0,0,0,0,0,0,0,0,0,0,0,0,0,0,0,0,0,0,0,0,0,0,0,0,0,0,0,0,0,0,0,0,0,0,0,0,0,0,0,0,0,0,0,0,0,0,0,0,0,0,0,0,0,0,0,0,0,0,0,0,0,0,0
27,33,295,4.860979080200195,60,1,1,1,1,1,1,1,3,1,3,1,1,1,26,1,17,1,3,1,19,2,1,1,24,1,2,1,20,1,6,2,2,1,15,1,9,1,21,1,9,1,10,1,4,1,1,1,9,2,3,1,20,1,6,1,19,1,4,1,1,0,0,0,0,0,0,0,0,0,0,0,0,0,0,0,0,0,0,0,0,0,0,0,0,0,0,0,0,0,0,0,0,0,0,0,0,0,0,0,0,0,0,0,0,0,0,0,0,0,0,0,0,0,0,0,0,0,0,0,0,0,0,0,0,0,0,0,0,0,0,0,0,0,0,0,0,0,0,0,0,0,0,0,0,0,0,0,0,0,0,0,0,0,0,0,0,0,0,0,0,0,0,0,0,0,0,0,0,0,0,0,0,0,0,0,0,0,0,0,0,0,0,0,0,0,0,0,0,0,0,0,0,0,0,0,0,0,0,0,0,0,0,0
28,34,279,5.855525970458984,58,1,1,2,1,1,1,1,21,1,15,1,7,1,16,1,1,1,17,1,1,1,1,1,12,1,1,1,23,1,6,1,1,1,3,1,13,1,1,1,25,1,7,1,2,1,1,1,25,1,9,1,1,1,7,1,17,1,12,0,0,0,0,0,0,0,0,0,0,0,0,0,0,0,0,0,0,0,0,0,0,0,0,0,0,0,0,0,0,0,0,0,0,0,0,0,0,0,0,0,0,0,0,0,0,0,0,0,0,0,0,0,0,0,0,0,0,0,0,0,0,0,0,0,0,0,0,0,0,0,0,0,0,0,0,0,0,0,0,0,0,0,0,0,0,0,0,0,0,0,0,0,0,0,0,0,0,0,0,0,0,0,0,0,0,0,0,0,0,0,0,0,0,0,0,0,0,0,0,0,0,0,0,0,0,0,0,0,0,0,0,0,0,0,0,0,0,0,0,0,0,0,0,0
29,35,214,4.739412069320679,42,1,1,1,1,1,1,1,6,1,18,1,18,1,1,1,10,2,1,1,17,1,1,1,23,1,5,1,10,1,1,1,13,1,1,1,25,1,31,1,6,1,1,0,0,0,0,0,0,0,0,0,0,0,0,0,0,0,0,0,0,0,0,0,0,0,0,0,0,0,0,0,0,0,0,0,0,0,0,0,0,0,0,0,0,0,0,0,0,0,0,0,0,0,0,0,0,0,0,0,0,0,0,0,0,0,0,0,0,0,0,0,0,0,0,0,0,0,0,0,0,0,0,0,0,0,0,0,0,0,0,0,0,0,0,0,0,0,0,0,0,0,0,0,0,0,0,0,0,0,0,0,0,0,0,0,0,0,0,0,0,0,0,0,0,0,0,0,0,0,0,0,0,0,0,0,0,0,0,0,0,0,0,0,0,0,0,0,0,0,0,0,0,0,0,0,0,0,0,0,0,0,0,0
30,36,520,14.947291851043701,96,1,1,1,1,2,2,1,13,1,13,1,27,1,4,1,1,1,21,1,16,2,1,1,25,2,1,1,10,1,1,1,10,2,1,1,13,1,1,1,19,1,1,1,26,1,2,1,16,1,11,1,6,1,5,2,2,1,21,1,7,2,1,1,24,1,17,2,1,1,31,1,20,1,9,1,4,1,1,1,3,2,2,1,9,1,1,1,11,1,19,1,28,2,1,2,1,0,0,0,0,0,0,0,0,0,0,0,0,0,0,0,0,0,0,0,0,0,0,0,0,0,0,0,0,0,0,0,0,0,0,0,0,0,0,0,0,0,0,0,0,0,0,0,0,0,0,0,0,0,0,0,0,0,0,0,0,0,0,0,0,0,0,0,0,0,0,0,0,0,0,0,0,0,0,0,0,0,0,0,0,0,0,0,0,0,0,0,0,0,0,0,0,0,0,0,0,0,0,0,0,0,0,0
31,37,362,13.138745784759521,71,1,1,1,1,1,1,1,25,1,20,2,3,1,1,1,29,1,17,1,21,2,1,1,3,1,13,2,2,1,21,1,1,1,9,1,18,1,19,1,14,1,1,1,1,1,16,1,1,1,16,1,1,1,7,1,1,1,3,1,21,1,17,1,1,1,6,1,4,1,1,1,0,0,0,0,0,0,0,0,0,0,0,0,0,0,0,0,0,0,0,0,0,0,0,0,0,0,0,0,0,0,0,0,0,0,0,0,0,0,0,0,0,0,0,0,0,0,0,0,0,0,0,0,0,0,0,0,0,0,0,0,0,0,0,0,0,0,0,0,0,0,0,0,0,0,0,0,0,0,0,0,0,0,0,0,0,0,0,0,0,0,0,0,0,0,0,0,0,0,0,0,0,0,0,0,0,0,0,0,0,0,0,0,0,0,0,0,0,0,0,0,0,0,0,0,0,0,0,0,0,0,0,0
32,38,526,12.099116086959839,94,1,1,1,1,1,1,1,24,1,10,1,18,1,10,1,1,1,13,1,1,1,4,1,21,1,27,1,16,1,3,2,2,1,30,1,13,1,9,2,2,1,17,1,6,1,22,1,12,1,3,1,1,1,13,1,1,1,25,1,2,1,6,1,1,1,22,1,23,1,3,1,14,1,1,1,22,1,4,1,11,1,1,1,26,1,1,1,7,1,1,1,23,1,1,0,0,0,0,0,0,0,0,0,0,0,0,0,0,0,0,0,0,0,0,0,0,0,0,0,0,0,0,0,0,0,0,0,0,0,0,0,0,0,0,0,0,0,0,0,0,0,0,0,0,0,0,0,0,0,0,0,0,0,0,0,0,0,0,0,0,0,0,0,0,0,0,0,0,0,0,0,0,0,0,0,0,0,0,0,0,0,0,0,0,0,0,0,0,0,0,0,0,0,0,0,0,0,0,0,0,0,0,0
33,39,389,7.761462926864624,80,1,1,1,1,1,1,1,24,1,13,1,1,1,3,1,21,1,10,1,1,1,18,1,7,1,17,1,14,1,9,2,1,1,3,1,1,1,15,1,1,1,23,1,1,1,27,1,10,1,3,1,1,1,1,1,22,1,21,1,1,1,9,1,1,1,3,2,2,1,14,1,1,1,17,1,6,1,20,1,1,0,0,0,0,0,0,0,0,0,0,0,0,0,0,0,0,0,0,0,0,0,0,0,0,0,0,0,0,0,0,0,0,0,0,0,0,0,0,0,0,0,0,0,0,0,0,0,0,0,0,0,0,0,0,0,0,0,0,0,0,0,0,0,0,0,0,0,0,0,0,0,0,0,0,0,0,0,0,0,0,0,0,0,0,0,0,0,0,0,0,0,0,0,0,0,0,0,0,0,0,0,0,0,0,0,0,0,0,0,0,0,0,0,0,0,0,0,0,0,0,0,0,0
34,4,121,3.864748954772949,29,1,1,2,1,1,1,1,22,2,2,1,11,2,2,1,4,1,1,1,1,1,25,1,16,1,1,1,3,1,0,0,0,0,0,0,0,0,0,0,0,0,0,0,0,0,0,0,0,0,0,0,0,0,0,0,0,0,0,0,0,0,0,0,0,0,0,0,0,0,0,0,0,0,0,0,0,0,0,0,0,0,0,0,0,0,0,0,0,0,0,0,0,0,0,0,0,0,0,0,0,0,0,0,0,0,0,0,0,0,0,0,0,0,0,0,0,0,0,0,0,0,0,0,0,0,0,0,0,0,0,0,0,0,0,0,0,0,0,0,0,0,0,0,0,0,0,0,0,0,0,0,0,0,0,0,0,0,0,0,0,0,0,0,0,0,0,0,0,0,0,0,0,0,0,0,0,0,0,0,0,0,0,0,0,0,0,0,0,0,0,0,0,0,0,0,0,0,0,0,0,0,0,0
35,40,70,2.881227970123291,19,1,1,1,1,1,1,1,14,2,2,1,26,1,4,1,4,2,2,1,0,0,0,0,0,0,0,0,0,0,0,0,0,0,0,0,0,0,0,0,0,0,0,0,0,0,0,0,0,0,0,0,0,0,0,0,0,0,0,0,0,0,0,0,0,0,0,0,0,0,0,0,0,0,0,0,0,0,0,0,0,0,0,0,0,0,0,0,0,0,0,0,0,0,0,0,0,0,0,0,0,0,0,0,0,0,0,0,0,0,0,0,0,0,0,0,0,0,0,0,0,0,0,0,0,0,0,0,0,0,0,0,0,0,0,0,0,0,0,0,0,0,0,0,0,0,0,0,0,0,0,0,0,0,0,0,0,0,0,0,0,0,0,0,0,0,0,0,0,0,0,0,0,0,0,0,0,0,0,0,0,0,0,0,0,0,0,0,0,0,0,0,0,0,0,0,0,0,0,0,0,0,0,0
36,41,578,12.984838008880615,110,1,1,1,1,1,1,1,21,1,1,1,12,1,5,1,1,1,24,1,11,1,8,1,3,1,1,1,23,1,10,1,11,1,19,1,1,1,7,1,1,1,10,1,4,1,1,1,8,1,1,1,24,1,9,1,14,1,2,1,1,1,23,1,10,1,22,1,11,1,4,1,1,1,1,1,25,1,32,1,10,1,2,1,1,1,26,1,15,1,1,1,25,1,1,1,13,1,1,1,21,1,1,1,9,1,18,1,10,2,2,0,0,0,0,0,0,0,0,0,0,0,0,0,0,0,0,0,0,0,0,0,0,0,0,0,0,0,0,0,0,0,0,0,0,0,0,0,0,0,0,0,0,0,0,0,0,0,0,0,0,0,0,0,0,0,0,0,0,0,0,0,0,0,0,0,0,0,0,0,0,0,0,0,0,0,0,0,0,0,0,0,0,0,0,0,0,0,0,0,0,0,0,0
37,42,201,6.928694009780884,45,1,1,1,1,1,1,1,36,2,22,1,1,2,1,1,2,1,1,1,5,1,1,1,8,1,1,1,22,1,5,1,1,1,7,1,9,1,1,1,24,1,12,1,5,1,0,0,0,0,0,0,0,0,0,0,0,0,0,0,0,0,0,0,0,0,0,0,0,0,0,0,0,0,0,0,0,0,0,0,0,0,0,0,0,0,0,0,0,0,0,0,0,0,0,0,0,0,0,0,0,0,0,0,0,0,0,0,0,0,0,0,0,0,0,0,0,0,0,0,0,0,0,0,0,0,0,0,0,0,0,0,0,0,0,0,0,0,0,0,0,0,0,0,0,0,0,0,0,0,0,0,0,0,0,0,0,0,0,0,0,0,0,0,0,0,0,0,0,0,0,0,0,0,0,0,0,0,0,0,0,0,0,0,0,0,0,0,0,0,0,0,0,0,0,0,0,0,0,0,0,0,0,0
38,43,346,6.955472946166992,63,1,1,1,1,1,1,1,13,1,11,1,13,1,1,1,17,1,1,1,3,1,21,1,27,1,10,1,1,1,33,1,1,1,1,1,24,1,7,1,10,1,6,1,1,1,24,1,8,1,16,1,13,1,1,1,16,1,3,1,1,1,24,1,0,0,0,0,0,0,0,0,0,0,0,0,0,0,0,0,0,0,0,0,0,0,0,0,0,0,0,0,0,0,0,0,0,0,0,0,0,0,0,0,0,0,0,0,0,0,0,0,0,0,0,0,0,0,0,0,0,0,0,0,0,0,0,0,0,0,0,0,0,0,0,0,0,0,0,0,0,0,0,0,0,0,0,0,0,0,0,0,0,0,0,0,0,0,0,0,0,0,0,0,0,0,0,0,0,0,0,0,0,0,0,0,0,0,0,0,0,0,0,0,0,0,0,0,0,0,0,0,0,0,0,0,0,0,0,0,0,0,0,0
39,44,437,8.87657880783081,88,1,1,1,1,2,2,1,23,1,7,1,1,1,28,2,22,3,1,1,28,1,13,1,4,1,18,1,1,1,10,1,1,1,17,1,10,1,19,1,8,1,5,1,1,1,2,1,1,1,2,1,1,1,6,1,1,1,15,1,1,1,22,1,1,1,2,1,1,1,26,1,13,1,1,1,1,1,25,1,17,1,3,1,17,1,1,1,8,0,0,0,0,0,0,0,0,0,0,0,0,0,0,0,0,0,0,0,0,0,0,0,0,0,0,0,0,0,0,0,0,0,0,0,0,0,0,0,0,0,0,0,0,0,0,0,0,0,0,0,0,0,0,0,0,0,0,0,0,0,0,0,0,0,0,0,0,0,0,0,0,0,0,0,0,0,0,0,0,0,0,0,0,0,0,0,0,0,0,0,0,0,0,0,0,0,0,0,0,0,0,0,0,0,0,0,0,0,0,0,0,0,0,0
40,45,694,8.97624683380127,113,1,1,1,1,3,2,1,25,1,13,2,23,1,1,1,12,1,1,1,13,1,10,1,19,1,1,1,14,1,11,1,14,1,1,1,26,1,2,1,16,1,7,1,1,1,13,1,9,1,20,1,11,2,1,1,27,1,13,2,21,1,1,1,1,1,25,1,29,1,9,1,1,1,3,1,21,1,19,1,1,1,3,1,1,1,26,1,27,1,5,1,1,1,24,1,7,1,16,1,15,1,1,1,11,1,15,1,22,1,3,1,12,1,0,0,0,0,0,0,0,0,0,0,0,0,0,0,0,0,0,0,0,0,0,0,0,0,0,0,0,0,0,0,0,0,0,0,0,0,0,0,0,0,0,0,0,0,0,0,0,0,0,0,0,0,0,0,0,0,0,0,0,0,0,0,0,0,0,0,0,0,0,0,0,0,0,0,0,0,0,0,0,0,0,0,0,0,0,0,0,0,0,0
41,46,351,7.990902900695801,63,1,1,2,1,1,1,1,24,1,4,2,1,1,24,2,1,1,22,2,25,1,5,1,1,1,18,1,4,1,17,1,1,1,20,1,3,2,1,1,22,1,7,1,1,1,12,1,4,1,1,1,23,1,15,2,1,1,25,1,20,2,1,1,0,0,0,0,0,0,0,0,0,0,0,0,0,0,0,0,0,0,0,0,0,0,0,0,0,0,0,0,0,0,0,0,0,0,0,0,0,0,0,0,0,0,0,0,0,0,0,0,0,0,0,0,0,0,0,0,0,0,0,0,0,0,0,0,0,0,0,0,0,0,0,0,0,0,0,0,0,0,0,0,0,0,0,0,0,0,0,0,0,0,0,0,0,0,0,0,0,0,0,0,0,0,0,0,0,0,0,0,0,0,0,0,0,0,0,0,0,0,0,0,0,0,0,0,0,0,0,0,0,0,0,0,0,0,0,0,0,0,0,0
42,47,397,6.956401109695435,74,1,1,1,2,1,1,1,16,1,8,1,19,1,16,1,7,1,3,1,1,1,8,1,1,1,22,1,3,1,17,1,1,1,27,1,14,1,1,1,13,1,1,1,21,1,3,1,19,1,16,1,1,1,3,1,25,1,16,1,8,1,3,1,1,1,23,1,1,1,15,2,1,1,20,0,0,0,0,0,0,0,0,0,0,0,0,0,0,0,0,0,0,0,0,0,0,0,0,0,0,0,0,0,0,0,0,0,0,0,0,0,0,0,0,0,0,0,0,0,0,0,0,0,0,0,0,0,0,0,0,0,0,0,0,0,0,0,0,0,0,0,0,0,0,0,0,0,0,0,0,0,0,0,0,0,0,0,0,0,0,0,0,0,0,0,0,0,0,0,0,0,0,0,0,0,0,0,0,0,0,0,0,0,0,0,0,0,0,0,0,0,0,0,0,0,0,0,0,0,0,0,0,0
43,48,247,5.837937116622925,46,1,1,1,1,1,1,1,24,1,24,1,4,1,12,1,1,1,18,1,1,1,6,1,18,1,23,1,6,1,2,1,1,1,8,1,1,1,28,1,7,1,13,1,18,1,5,0,0,0,0,0,0,0,0,0,0,0,0,0,0,0,0,0,0,0,0,0,0,0,0,0,0,0,0,0,0,0,0,0,0,0,0,0,0,0,0,0,0,0,0,0,0,0,0,0,0,0,0,0,0,0,0,0,0,0,0,0,0,0,0,0,0,0,0,0,0,0,0,0,0,0,0,0,0,0,0,0,0,0,0,0,0,0,0,0,0,0,0,0,0,0,0,0,0,0,0,0,0,0,0,0,0,0,0,0,0,0,0,0,0,0,0,0,0,0,0,0,0,0,0,0,0,0,0,0,0,0,0,0,0,0,0,0,0,0,0,0,0,0,0,0,0,0,0,0,0,0,0,0,0,0,0,0
44,49,397,8.987247943878174,67,1,1,1,1,1,1,1,23,1,9,1,17,1,8,1,1,1,27,1,18,1,1,1,25,1,21,1,4,1,1,1,20,1,3,1,14,2,2,1,24,1,4,1,10,1,1,1,23,1,14,1,10,1,20,1,5,1,1,1,9,1,16,1,19,1,6,1,0,0,0,0,0,0,0,0,0,0,0,0,0,0,0,0,0,0,0,0,0,0,0,0,0,0,0,0,0,0,0,0,0,0,0,0,0,0,0,0,0,0,0,0,0,0,0,0,0,0,0,0,0,0,0,0,0,0,0,0,0,0,0,0,0,0,0,0,0,0,0,0,0,0,0,0,0,0,0,0,0,0,0,0,0,0,0,0,0,0,0,0,0,0,0,0,0,0,0,0,0,0,0,0,0,0,0,0,0,0,0,0,0,0,0,0,0,0,0,0,0,0,0,0,0,0,0,0,0,0,0,0,0,0,0,0
45,5,316,7.85284686088562,64,1,1,1,1,1,1,1,12,1,1,1,16,1,1,1,6,1,20,1,6,2,2,1,20,1,4,1,22,1,1,1,19,2,2,1,4,1,10,1,1,1,25,1,3,1,7,1,10,1,20,1,1,1,17,2,1,1,18,1,1,1,24,1,3,0,0,0,0,0,0,0,0,0,0,0,0,0,0,0,0,0,0,0,0,0,0,0,0,0,0,0,0,0,0,0,0,0,0,0,0,0,0,0,0,0,0,0,0,0,0,0,0,0,0,0,0,0,0,0,0,0,0,0,0,0,0,0,0,0,0,0,0,0,0,0,0,0,0,0,0,0,0,0,0,0,0,0,0,0,0,0,0,0,0,0,0,0,0,0,0,0,0,0,0,0,0,0,0,0,0,0,0,0,0,0,0,0,0,0,0,0,0,0,0,0,0,0,0,0,0,0,0,0,0,0,0,0,0,0,0,0,0,0
46,50,307,7.8289268016815186,56,1,1,1,1,1,1,1,22,1,1,1,22,1,4,1,3,1,1,1,24,1,20,2,19,1,1,1,20,1,3,1,22,1,7,1,1,1,4,1,1,1,11,1,14,1,14,1,1,1,20,1,5,1,24,1,10,0,0,0,0,0,0,0,0,0,0,0,0,0,0,0,0,0,0,0,0,0,0,0,0,0,0,0,0,0,0,0,0,0,0,0,0,0,0,0,0,0,0,0,0,0,0,0,0,0,0,0,0,0,0,0,0,0,0,0,0,0,0,0,0,0,0,0,0,0,0,0,0,0,0,0,0,0,0,0,0,0,0,0,0,0,0,0,0,0,0,0,0,0,0,0,0,0,0,0,0,0,0,0,0,0,0,0,0,0,0,0,0,0,0,0,0,0,0,0,0,0,0,0,0,0,0,0,0,0,0,0,0,0,0,0,0,0,0,0,0,0,0,0,0,0,0,0
47,51,482,13.114370822906494,93,1,1,1,2,1,1,1,23,1,1,1,16,1,7,1,3,1,1,1,27,1,8,1,6,1,1,1,24,1,13,1,7,1,21,2,2,1,17,1,2,1,1,1,22,1,20,1,3,1,1,1,16,1,1,1,7,1,2,1,13,2,2,1,6,1,19,2,1,1,23,1,4,3,2,1,24,1,17,1,1,1,3,1,20,1,10,1,1,1,17,1,7,1,0,0,0,0,0,0,0,0,0,0,0,0,0,0,0,0,0,0,0,0,0,0,0,0,0,0,0,0,0,0,0,0,0,0,0,0,0,0,0,0,0,0,0,0,0,0,0,0,0,0,0,0,0,0,0,0,0,0,0,0,0,0,0,0,0,0,0,0,0,0,0,0,0,0,0,0,0,0,0,0,0,0,0,0,0,0,0,0,0,0,0,0,0,0,0,0,0,0,0,0,0,0,0,0,0,0,0,0,0,0
48,52,276,6.6763081550598145,56,1,1,1,1,1,1,1,29,1,14,1,14,1,1,1,16,1,8,1,1,1,26,1,11,1,8,1,4,1,1,1,24,1,14,1,4,1,9,1,1,1,6,1,1,1,19,1,5,1,10,1,1,1,16,1,1,0,0,0,0,0,0,0,0,0,0,0,0,0,0,0,0,0,0,0,0,0,0,0,0,0,0,0,0,0,0,0,0,0,0,0,0,0,0,0,0,0,0,0,0,0,0,0,0,0,0,0,0,0,0,0,0,0,0,0,0,0,0,0,0,0,0,0,0,0,0,0,0,0,0,0,0,0,0,0,0,0,0,0,0,0,0,0,0,0,0,0,0,0,0,0,0,0,0,0,0,0,0,0,0,0,0,0,0,0,0,0,0,0,0,0,0,0,0,0,0,0,0,0,0,0,0,0,0,0,0,0,0,0,0,0,0,0,0,0,0,0,0,0,0,0,0,0
49,53,285,5.799093008041382,56,1,1,2,1,1,1,1,3,1,22,1,7,1,1,1,14,1,10,1,1,1,24,1,23,2,16,1,1,1,3,2,2,1,17,1,12,1,15,1,1,1,13,1,11,2,1,1,22,1,8,1,2,1,1,1,19,0,0,0,0,0,0,0,0,0,0,0,0,0,0,0,0,0,0,0,0,0,0,0,0,0,0,0,0,0,0,0,0,0,0,0,0,0,0,0,0,0,0,0,0,0,0,0,0,0,0,0,0,0,0,0,0,0,0,0,0,0,0,0,0,0,0,0,0,0,0,0,0,0,0,0,0,0,0,0,0,0,0,0,0,0,0,0,0,0,0,0,0,0,0,0,0,0,0,0,0,0,0,0,0,0,0,0,0,0,0,0,0,0,0,0,0,0,0,0,0,0,0,0,0,0,0,0,0,0,0,0,0,0,0,0,0,0,0,0,0,0,0,0,0,0,0,0
50,54,151,2.6640210151672363,34,1,1,1,2,1,1,1,30,1,10,1,9,1,5,1,1,1,21,1,8,1,2,1,1,1,24,1,11,1,4,1,2,1,1,0,0,0,0,0,0,0,0,0,0,0,0,0,0,0,0,0,0,0,0,0,0,0,0,0,0,0,0,0,0,0,0,0,0,0,0,0,0,0,0,0,0,0,0,0,0,0,0,0,0,0,0,0,0,0,0,0,0,0,0,0,0,0,0,0,0,0,0,0,0,0,0,0,0,0,0,0,0,0,0,0,0,0,0,0,0,0,0,0,0,0,0,0,0,0,0,0,0,0,0,0,0,0,0,0,0,0,0,0,0,0,0,0,0,0,0,0,0,0,0,0,0,0,0,0,0,0,0,0,0,0,0,0,0,0,0,0,0,0,0,0,0,0,0,0,0,0,0,0,0,0,0,0,0,0,0,0,0,0,0,0,0,0,0,0,0,0,0,0
51,55,316,6.870771884918213,59,1,1,1,1,1,1,1,25,1,4,1,2,1,1,1,20,1,1,1,23,1,3,1,1,1,23,1,25,2,10,1,1,1,22,2,19,1,19,1,3,2,1,1,13,1,1,1,6,2,2,1,23,1,3,1,4,2,2,1,0,0,0,0,0,0,0,0,0,0,0,0,0,0,0,0,0,0,0,0,0,0,0,0,0,0,0,0,0,0,0,0,0,0,0,0,0,0,0,0,0,0,0,0,0,0,0,0,0,0,0,0,0,0,0,0,0,0,0,0,0,0,0,0,0,0,0,0,0,0,0,0,0,0,0,0,0,0,0,0,0,0,0,0,0,0,0,0,0,0,0,0,0,0,0,0,0,0,0,0,0,0,0,0,0,0,0,0,0,0,0,0,0,0,0,0,0,0,0,0,0,0,0,0,0,0,0,0,0,0,0,0,0,0,0,0,0,0,0,0,0,0,0,0
52,56,426,6.825418949127197,80,1,1,1,1,1,1,1,23,1,4,1,23,1,14,2,1,1,30,1,23,1,11,1,1,1,5,2,2,1,24,1,1,1,18,1,10,1,1,1,6,1,15,1,1,1,9,1,1,1,14,2,2,1,12,1,13,1,10,1,1,1,19,1,4,1,22,1,13,1,6,1,1,1,1,1,24,1,12,1,2,0,0,0,0,0,0,0,0,0,0,0,0,0,0,0,0,0,0,0,0,0,0,0,0,0,0,0,0,0,0,0,0,0,0,0,0,0,0,0,0,0,0,0,0,0,0,0,0,0,0,0,0,0,0,0,0,0,0,0,0,0,0,0,0,0,0,0,0,0,0,0,0,0,0,0,0,0,0,0,0,0,0,0,0,0,0,0,0,0,0,0,0,0,0,0,0,0,0,0,0,0,0,0,0,0,0,0,0,0,0,0,0,0,0,0,0,0,0,0,0,0,0,0
53,57,543,8.942162036895752,104,1,1,1,1,1,1,1,26,1,11,1,8,1,12,1,1,1,19,1,1,1,3,1,2,1,1,1,21,1,6,1,1,1,15,1,1,1,4,1,23,1,7,1,1,1,13,1,8,1,13,1,1,1,26,2,16,1,13,1,1,1,13,1,15,1,14,1,4,1,1,1,10,1,19,1,17,1,4,1,4,1,1,1,29,1,8,1,8,1,10,1,1,1,22,1,3,1,22,1,22,1,1,3,2,0,0,0,0,0,0,0,0,0,0,0,0,0,0,0,0,0,0,0,0,0,0,0,0,0,0,0,0,0,0,0,0,0,0,0,0,0,0,0,0,0,0,0,0,0,0,0,0,0,0,0,0,0,0,0,0,0,0,0,0,0,0,0,0,0,0,0,0,0,0,0,0,0,0,0,0,0,0,0,0,0,0,0,0,0,0,0,0,0,0,0,0,0,0,0,0,0,0,0
54,58,435,6.899846076965332,83,1,1,1,3,1,1,1,25,1,20,1,10,1,1,1,12,1,13,1,15,1,2,1,1,1,6,1,13,1,1,1,26,1,5,1,8,1,1,1,24,1,7,1,1,1,6,1,9,1,1,1,26,1,12,1,2,1,12,1,1,1,30,2,23,1,6,1,1,2,1,1,3,1,1,1,28,1,13,1,1,1,18,1,0,0,0,0,0,0,0,0,0,0,0,0,0,0,0,0,0,0,0,0,0,0,0,0,0,0,0,0,0,0,0,0,0,0,0,0,0,0,0,0,0,0,0,0,0,0,0,0,0,0,0,0,0,0,0,0,0,0,0,0,0,0,0,0,0,0,0,0,0,0,0,0,0,0,0,0,0,0,0,0,0,0,0,0,0,0,0,0,0,0,0,0,0,0,0,0,0,0,0,0,0,0,0,0,0,0,0,0,0,0,0,0,0,0,0,0,0,0,0,0
55,59,265,4.832924127578735,45,1,1,1,1,1,1,1,25,1,8,1,1,1,20,1,19,1,4,1,11,1,1,1,22,1,19,1,2,1,1,1,21,3,2,1,24,1,1,1,24,2,16,1,1,1,0,0,0,0,0,0,0,0,0,0,0,0,0,0,0,0,0,0,0,0,0,0,0,0,0,0,0,0,0,0,0,0,0,0,0,0,0,0,0,0,0,0,0,0,0,0,0,0,0,0,0,0,0,0,0,0,0,0,0,0,0,0,0,0,0,0,0,0,0,0,0,0,0,0,0,0,0,0,0,0,0,0,0,0,0,0,0,0,0,0,0,0,0,0,0,0,0,0,0,0,0,0,0,0,0,0,0,0,0,0,0,0,0,0,0,0,0,0,0,0,0,0,0,0,0,0,0,0,0,0,0,0,0,0,0,0,0,0,0,0,0,0,0,0,0,0,0,0,0,0,0,0,0,0,0,0,0,0
56,6,268,4.774806022644043,50,1,1,1,2,1,1,1,24,1,18,1,5,1,7,1,1,1,22,1,1,1,15,1,11,1,8,1,1,2,26,1,6,1,15,1,16,1,1,1,12,1,11,1,20,1,10,1,6,1,1,0,0,0,0,0,0,0,0,0,0,0,0,0,0,0,0,0,0,0,0,0,0,0,0,0,0,0,0,0,0,0,0,0,0,0,0,0,0,0,0,0,0,0,0,0,0,0,0,0,0,0,0,0,0,0,0,0,0,0,0,0,0,0,0,0,0,0,0,0,0,0,0,0,0,0,0,0,0,0,0,0,0,0,0,0,0,0,0,0,0,0,0,0,0,0,0,0,0,0,0,0,0,0,0,0,0,0,0,0,0,0,0,0,0,0,0,0,0,0,0,0,0,0,0,0,0,0,0,0,0,0,0,0,0,0,0,0,0,0,0,0,0,0,0,0,0,0,0,0,0,0,0,0
57,60,573,9.01854395866394,98,1,1,1,2,1,1,1,16,1,9,1,20,1,4,1,1,1,12,1,17,1,19,2,1,1,10,1,14,1,11,1,1,1,26,2,20,1,2,1,1,1,20,1,7,1,11,2,3,1,23,1,18,1,19,2,2,1,3,1,22,1,19,1,24,1,1,1,1,1,24,2,12,1,1,1,26,1,12,1,8,1,6,1,1,1,20,1,1,1,3,1,19,1,20,1,2,2,1,0,0,0,0,0,0,0,0,0,0,0,0,0,0,0,0,0,0,0,0,0,0,0,0,0,0,0,0,0,0,0,0,0,0,0,0,0,0,0,0,0,0,0,0,0,0,0,0,0,0,0,0,0,0,0,0,0,0,0,0,0,0,0,0,0,0,0,0,0,0,0,0,0,0,0,0,0,0,0,0,0,0,0,0,0,0,0,0,0,0,0,0,0,0,0,0,0,0,0,0,0,0,0,0,0
58,61,416,7.791743040084839,82,1,1,1,1,1,1,1,20,1,3,1,14,1,1,1,25,1,1,1,10,2,2,1,27,1,5,1,1,1,4,1,21,1,4,2,2,1,24,1,1,1,19,1,2,1,1,1,9,1,1,1,15,1,5,1,1,1,23,1,1,2,2,1,19,1,4,1,20,1,13,2,1,1,25,1,18,1,1,1,9,1,13,0,0,0,0,0,0,0,0,0,0,0,0,0,0,0,0,0,0,0,0,0,0,0,0,0,0,0,0,0,0,0,0,0,0,0,0,0,0,0,0,0,0,0,0,0,0,0,0,0,0,0,0,0,0,0,0,0,0,0,0,0,0,0,0,0,0,0,0,0,0,0,0,0,0,0,0,0,0,0,0,0,0,0,0,0,0,0,0,0,0,0,0,0,0,0,0,0,0,0,0,0,0,0,0,0,0,0,0,0,0,0,0,0,0,0,0,0,0,0,0,0
59,62,522,9.021931171417236,93,1,1,1,2,1,1,1,36,2,10,1,2,1,1,1,24,2,1,1,6,1,18,1,20,1,6,1,1,1,4,1,3,1,1,1,25,1,25,2,15,1,3,1,1,1,16,1,7,1,19,1,17,1,3,1,2,1,1,1,24,1,13,1,5,1,1,1,22,2,2,1,13,1,9,1,20,1,13,1,4,1,1,1,27,1,8,1,10,1,12,1,1,1,0,0,0,0,0,0,0,0,0,0,0,0,0,0,0,0,0,0,0,0,0,0,0,0,0,0,0,0,0,0,0,0,0,0,0,0,0,0,0,0,0,0,0,0,0,0,0,0,0,0,0,0,0,0,0,0,0,0,0,0,0,0,0,0,0,0,0,0,0,0,0,0,0,0,0,0,0,0,0,0,0,0,0,0,0,0,0,0,0,0,0,0,0,0,0,0,0,0,0,0,0,0,0,0,0,0,0,0,0,0
60,63,424,5.934291839599609,73,1,1,2,1,1,1,1,6,1,22,1,15,1,1,1,6,1,21,1,14,1,6,1,4,1,1,1,24,1,17,1,19,1,1,1,24,1,3,1,18,1,14,1,1,1,9,1,9,1,1,1,28,1,9,1,8,1,17,1,1,1,22,2,7,1,1,1,23,1,8,1,16,1,0,0,0,0,0,0,0,0,0,0,0,0,0,0,0,0,0,0,0,0,0,0,0,0,0,0,0,0,0,0,0,0,0,0,0,0,0,0,0,0,0,0,0,0,0,0,0,0,0,0,0,0,0,0,0,0,0,0,0,0,0,0,0,0,0,0,0,0,0,0,0,0,0,0,0,0,0,0,0,0,0,0,0,0,0,0,0,0,0,0,0,0,0,0,0,0,0,0,0,0,0,0,0,0,0,0,0,0,0,0,0,0,0,0,0,0,0,0,0,0,0,0,0,0,0,0,0,0,0,0
61,64,775,11.070472955703735,137,1,1,1,1,1,1,1,27,1,15,1,11,1,1,1,7,1,19,1,7,1,1,1,25,2,15,1,1,1,22,1,4,1,17,1,6,1,1,1,18,1,6,1,20,1,8,1,1,1,10,1,13,1,9,2,2,1,19,1,4,1,2,1,1,1,30,1,7,1,7,1,18,1,1,1,19,1,4,1,10,1,1,1,24,1,20,1,1,1,13,2,2,1,16,1,11,1,6,1,1,1,23,1,3,1,21,1,15,1,1,1,6,1,25,1,12,1,9,1,7,1,1,1,27,1,10,1,11,1,3,1,1,1,24,1,3,1,0,0,0,0,0,0,0,0,0,0,0,0,0,0,0,0,0,0,0,0,0,0,0,0,0,0,0,0,0,0,0,0,0,0,0,0,0,0,0,0,0,0,0,0,0,0,0,0,0,0,0,0,0,0,0,0,0,0,0,0,0,0,0,0,0,0
62,65,369,6.934417963027954,70,1,1,1,2,1,1,1,23,1,12,1,9,1,17,1,1,1,18,1,5,1,3,1,1,1,11,1,1,1,18,1,3,1,3,1,1,1,24,1,15,1,4,1,16,1,1,1,3,1,1,1,18,1,5,1,19,1,1,1,23,2,18,1,1,1,22,2,21,1,9,0,0,0,0,0,0,0,0,0,0,0,0,0,0,0,0,0,0,0,0,0,0,0,0,0,0,0,0,0,0,0,0,0,0,0,0,0,0,0,0,0,0,0,0,0,0,0,0,0,0,0,0,0,0,0,0,0,0,0,0,0,0,0,0,0,0,0,0,0,0,0,0,0,0,0,0,0,0,0,0,0,0,0,0,0,0,0,0,0,0,0,0,0,0,0,0,0,0,0,0,0,0,0,0,0,0,0,0,0,0,0,0,0,0,0,0,0,0,0,0,0,0,0,0,0,0,0,0,0,0,0,0,0
63,66,551,7.759434938430786,100,1,1,1,1,2,2,1,3,1,13,1,1,1,24,1,6,1,18,1,15,1,2,1,1,1,11,1,12,1,15,1,1,1,13,1,10,1,23,1,2,1,1,1,10,1,14,1,22,1,7,1,6,1,1,1,26,1,15,2,15,2,2,1,23,2,4,1,1,1,22,1,17,1,4,1,7,1,1,1,27,1,3,1,14,1,16,2,2,1,16,1,10,1,18,1,13,1,3,1,1,0,0,0,0,0,0,0,0,0,0,0,0,0,0,0,0,0,0,0,0,0,0,0,0,0,0,0,0,0,0,0,0,0,0,0,0,0,0,0,0,0,0,0,0,0,0,0,0,0,0,0,0,0,0,0,0,0,0,0,0,0,0,0,0,0,0,0,0,0,0,0,0,0,0,0,0,0,0,0,0,0,0,0,0,0,0,0,0,0,0,0,0,0,0,0,0,0,0,0,0,0,0,0
64,67,320,5.750694036483765,60,1,1,1,1,1,1,1,21,2,1,1,16,1,12,1,14,1,16,1,3,1,1,1,28,1,14,2,12,2,2,1,2,1,1,1,8,1,2,1,17,1,8,1,20,1,12,1,3,1,1,1,27,1,19,1,20,2,1,1,1,0,0,0,0,0,0,0,0,0,0,0,0,0,0,0,0,0,0,0,0,0,0,0,0,0,0,0,0,0,0,0,0,0,0,0,0,0,0,0,0,0,0,0,0,0,0,0,0,0,0,0,0,0,0,0,0,0,0,0,0,0,0,0,0,0,0,0,0,0,0,0,0,0,0,0,0,0,0,0,0,0,0,0,0,0,0,0,0,0,0,0,0,0,0,0,0,0,0,0,0,0,0,0,0,0,0,0,0,0,0,0,0,0,0,0,0,0,0,0,0,0,0,0,0,0,0,0,0,0,0,0,0,0,0,0,0,0,0,0,0,0,0,0
65,68,268,3.9151060581207275,47,1,1,2,1,1,1,1,25,1,13,1,9,1,17,1,2,1,1,1,14,1,10,1,23,1,10,1,9,2,1,1,22,1,13,3,2,1,26,1,14,1,1,1,17,1,1,1,0,0,0,0,0,0,0,0,0,0,0,0,0,0,0,0,0,0,0,0,0,0,0,0,0,0,0,0,0,0,0,0,0,0,0,0,0,0,0,0,0,0,0,0,0,0,0,0,0,0,0,0,0,0,0,0,0,0,0,0,0,0,0,0,0,0,0,0,0,0,0,0,0,0,0,0,0,0,0,0,0,0,0,0,0,0,0,0,0,0,0,0,0,0,0,0,0,0,0,0,0,0,0,0,0,0,0,0,0,0,0,0,0,0,0,0,0,0,0,0,0,0,0,0,0,0,0,0,0,0,0,0,0,0,0,0,0,0,0,0,0,0,0,0,0,0,0,0,0,0,0,0,0,0,0,0
66,69,408,8.823933124542236,82,1,1,1,1,1,1,1,6,2,2,1,19,1,3,1,22,1,3,1,1,1,10,1,1,1,4,1,21,1,4,1,1,1,11,1,1,1,10,1,15,1,26,1,14,1,3,1,1,1,30,1,12,1,3,1,1,1,23,2,22,2,1,1,25,2,1,1,25,1,16,1,1,1,3,1,4,1,1,1,12,1,1,0,0,0,0,0,0,0,0,0,0,0,0,0,0,0,0,0,0,0,0,0,0,0,0,0,0,0,0,0,0,0,0,0,0,0,0,0,0,0,0,0,0,0,0,0,0,0,0,0,0,0,0,0,0,0,0,0,0,0,0,0,0,0,0,0,0,0,0,0,0,0,0,0,0,0,0,0,0,0,0,0,0,0,0,0,0,0,0,0,0,0,0,0,0,0,0,0,0,0,0,0,0,0,0,0,0,0,0,0,0,0,0,0,0,0,0,0,0,0,0,0
67,7,372,6.997176885604858,73,1,1,1,1,1,1,1,12,1,1,1,30,1,14,1,19,1,1,1,10,1,13,1,14,1,1,1,19,1,6,1,2,2,1,1,24,1,6,2,1,1,26,1,10,1,1,1,5,1,1,1,11,1,11,1,9,1,1,1,21,1,4,1,17,1,3,2,2,1,15,1,8,1,0,0,0,0,0,0,0,0,0,0,0,0,0,0,0,0,0,0,0,0,0,0,0,0,0,0,0,0,0,0,0,0,0,0,0,0,0,0,0,0,0,0,0,0,0,0,0,0,0,0,0,0,0,0,0,0,0,0,0,0,0,0,0,0,0,0,0,0,0,0,0,0,0,0,0,0,0,0,0,0,0,0,0,0,0,0,0,0,0,0,0,0,0,0,0,0,0,0,0,0,0,0,0,0,0,0,0,0,0,0,0,0,0,0,0,0,0,0,0,0,0,0,0,0,0,0,0,0,0,0
68,70,504,10.014011144638062,93,1,1,1,1,1,1,1,9,1,14,2,1,1,24,1,7,1,15,1,8,1,1,1,22,1,16,2,2,1,23,1,1,1,8,1,14,1,1,2,2,1,27,1,16,1,11,2,2,1,12,1,12,1,5,1,1,1,8,1,1,1,14,1,1,1,6,1,17,1,25,1,4,1,9,1,1,1,23,1,13,1,7,1,1,1,22,1,10,1,18,1,13,1,0,0,0,0,0,0,0,0,0,0,0,0,0,0,0,0,0,0,0,0,0,0,0,0,0,0,0,0,0,0,0,0,0,0,0,0,0,0,0,0,0,0,0,0,0,0,0,0,0,0,0,0,0,0,0,0,0,0,0,0,0,0,0,0,0,0,0,0,0,0,0,0,0,0,0,0,0,0,0,0,0,0,0,0,0,0,0,0,0,0,0,0,0,0,0,0,0,0,0,0,0,0,0,0,0,0,0,0,0,0
69,71,408,6.844213008880615,79,1,1,1,1,1,1,1,11,1,12,1,6,1,1,1,22,1,6,1,16,1,12,1,1,1,13,1,17,1,21,1,6,1,6,2,2,1,26,1,16,1,1,1,13,1,1,1,27,1,3,1,5,1,1,1,23,1,14,1,4,1,2,1,1,1,10,1,1,1,25,1,4,1,14,1,10,1,1,1,0,0,0,0,0,0,0,0,0,0,0,0,0,0,0,0,0,0,0,0,0,0,0,0,0,0,0,0,0,0,0,0,0,0,0,0,0,0,0,0,0,0,0,0,0,0,0,0,0,0,0,0,0,0,0,0,0,0,0,0,0,0,0,0,0,0,0,0,0,0,0,0,0,0,0,0,0,0,0,0,0,0,0,0,0,0,0,0,0,0,0,0,0,0,0,0,0,0,0,0,0,0,0,0,0,0,0,0,0,0,0,0,0,0,0,0,0,0,0,0,0,0,0,0
70,72,109,3.8336751461029053,32,1,1,2,2,1,1,1,6,2,2,1,3,2,1,1,9,1,1,1,24,1,6,1,1,1,12,1,17,1,2,1,1,0,0,0,0,0,0,0,0,0,0,0,0,0,0,0,0,0,0,0,0,0,0,0,0,0,0,0,0,0,0,0,0,0,0,0,0,0,0,0,0,0,0,0,0,0,0,0,0,0,0,0,0,0,0,0,0,0,0,0,0,0,0,0,0,0,0,0,0,0,0,0,0,0,0,0,0,0,0,0,0,0,0,0,0,0,0,0,0,0,0,0,0,0,0,0,0,0,0,0,0,0,0,0,0,0,0,0,0,0,0,0,0,0,0,0,0,0,0,0,0,0,0,0,0,0,0,0,0,0,0,0,0,0,0,0,0,0,0,0,0,0,0,0,0,0,0,0,0,0,0,0,0,0,0,0,0,0,0,0,0,0,0,0,0,0,0,0,0,0,0,0
71,73,527,8.883817911148071,102,1,1,1,1,2,2,1,17,1,3,1,1,1,24,1,16,1,6,1,8,2,2,1,23,3,2,1,6,1,7,1,1,1,26,1,10,1,1,1,3,1,19,1,6,1,1,1,6,1,1,1,13,1,9,1,26,1,9,1,2,1,1,1,23,1,23,1,14,1,1,1,22,1,4,1,5,1,1,1,25,1,3,1,1,1,10,1,14,1,24,1,4,1,12,1,1,1,22,1,8,1,1,0,0,0,0,0,0,0,0,0,0,0,0,0,0,0,0,0,0,0,0,0,0,0,0,0,0,0,0,0,0,0,0,0,0,0,0,0,0,0,0,0,0,0,0,0,0,0,0,0,0,0,0,0,0,0,0,0,0,0,0,0,0,0,0,0,0,0,0,0,0,0,0,0,0,0,0,0,0,0,0,0,0,0,0,0,0,0,0,0,0,0,0,0,0,0,0,0,0,0,0,0
72,74,392,8.007775068283081,81,1,1,1,1,1,1,1,29,1,17,1,6,1,1,1,10,1,1,1,22,1,4,1,1,1,3,1,18,1,1,1,23,2,1,1,4,1,21,1,20,1,6,1,12,1,1,1,8,1,1,1,20,1,7,1,18,1,2,1,1,1,16,1,5,1,1,1,25,1,4,1,1,1,16,1,6,1,4,1,1,1,0,0,0,0,0,0,0,0,0,0,0,0,0,0,0,0,0,0,0,0,0,0,0,0,0,0,0,0,0,0,0,0,0,0,0,0,0,0,0,0,0,0,0,0,0,0,0,0,0,0,0,0,0,0,0,0,0,0,0,0,0,0,0,0,0,0,0,0,0,0,0,0,0,0,0,0,0,0,0,0,0,0,0,0,0,0,0,0,0,0,0,0,0,0,0,0,0,0,0,0,0,0,0,0,0,0,0,0,0,0,0,0,0,0,0,0,0,0,0,0,0,0
73,75,447,6.840630769729614,84,1,1,1,1,1,1,1,23,1,14,1,5,1,24,1,1,1,1,1,16,1,11,1,3,1,1,1,27,2,16,1,20,1,1,1,1,1,3,1,21,1,25,1,7,1,1,1,26,1,13,1,6,1,14,1,1,1,19,1,3,1,20,1,7,1,1,1,14,1,6,2,1,1,5,1,1,1,25,1,5,1,8,2,2,0,0,0,0,0,0,0,0,0,0,0,0,0,0,0,0,0,0,0,0,0,0,0,0,0,0,0,0,0,0,0,0,0,0,0,0,0,0,0,0,0,0,0,0,0,0,0,0,0,0,0,0,0,0,0,0,0,0,0,0,0,0,0,0,0,0,0,0,0,0,0,0,0,0,0,0,0,0,0,0,0,0,0,0,0,0,0,0,0,0,0,0,0,0,0,0,0,0,0,0,0,0,0,0,0,0,0,0,0,0,0,0,0,0,0,0,0,0,0
74,76,133,2.7154541015625,28,1,1,1,1,1,1,1,29,1,13,1,1,1,1,1,28,1,3,1,1,1,16,1,9,1,13,1,1,0,0,0,0,0,0,0,0,0,0,0,0,0,0,0,0,0,0,0,0,0,0,0,0,0,0,0,0,0,0,0,0,0,0,0,0,0,0,0,0,0,0,0,0,0,0,0,0,0,0,0,0,0,0,0,0,0,0,0,0,0,0,0,0,0,0,0,0,0,0,0,0,0,0,0,0,0,0,0,0,0,0,0,0,0,0,0,0,0,0,0,0,0,0,0,0,0,0,0,0,0,0,0,0,0,0,0,0,0,0,0,0,0,0,0,0,0,0,0,0,0,0,0,0,0,0,0,0,0,0,0,0,0,0,0,0,0,0,0,0,0,0,0,0,0,0,0,0,0,0,0,0,0,0,0,0,0,0,0,0,0,0,0,0,0,0,0,0,0,0,0,0,0,0,0
75,77,554,8.707092046737671,108,1,1,1,1,1,1,1,22,1,8,1,13,1,10,1,1,1,13,1,9,1,21,1,3,1,1,1,13,1,10,1,22,1,5,1,5,1,1,1,25,1,4,1,1,1,13,1,13,1,16,1,12,1,3,1,1,1,11,1,1,1,26,1,4,1,17,1,13,1,1,1,13,1,1,1,3,1,1,1,1,1,17,1,1,1,29,2,8,2,2,1,25,1,7,1,9,1,9,1,1,1,25,1,17,1,6,1,1,0,0,0,0,0,0,0,0,0,0,0,0,0,0,0,0,0,0,0,0,0,0,0,0,0,0,0,0,0,0,0,0,0,0,0,0,0,0,0,0,0,0,0,0,0,0,0,0,0,0,0,0,0,0,0,0,0,0,0,0,0,0,0,0,0,0,0,0,0,0,0,0,0,0,0,0,0,0,0,0,0,0,0,0,0,0,0,0,0,0,0,0,0,0,0
76,78,355,7.00569486618042,66,1,1,1,1,1,1,1,6,1,1,1,26,1,16,1,1,1,12,1,1,1,24,1,13,2,2,1,26,1,19,1,20,1,5,1,1,1,3,1,21,1,11,1,1,1,15,1,5,1,1,1,22,1,19,1,3,1,17,1,1,1,18,1,5,2,1,0,0,0,0,0,0,0,0,0,0,0,0,0,0,0,0,0,0,0,0,0,0,0,0,0,0,0,0,0,0,0,0,0,0,0,0,0,0,0,0,0,0,0,0,0,0,0,0,0,0,0,0,0,0,0,0,0,0,0,0,0,0,0,0,0,0,0,0,0,0,0,0,0,0,0,0,0,0,0,0,0,0,0,0,0,0,0,0,0,0,0,0,0,0,0,0,0,0,0,0,0,0,0,0,0,0,0,0,0,0,0,0,0,0,0,0,0,0,0,0,0,0,0,0,0,0,0,0,0,0,0,0,0,0,0,0,0
77,79,358,6.865839004516602,71,1,1,1,4,1,1,1,20,2,2,1,3,1,20,1,18,1,1,1,6,1,22,1,18,1,4,1,7,1,1,1,8,1,1,1,23,1,9,1,4,1,1,1,23,1,7,1,1,1,11,1,13,1,4,1,1,1,28,2,7,1,1,1,25,1,10,1,9,1,5,1,0,0,0,0,0,0,0,0,0,0,0,0,0,0,0,0,0,0,0,0,0,0,0,0,0,0,0,0,0,0,0,0,0,0,0,0,0,0,0,0,0,0,0,0,0,0,0,0,0,0,0,0,0,0,0,0,0,0,0,0,0,0,0,0,0,0,0,0,0,0,0,0,0,0,0,0,0,0,0,0,0,0,0,0,0,0,0,0,0,0,0,0,0,0,0,0,0,0,0,0,0,0,0,0,0,0,0,0,0,0,0,0,0,0,0,0,0,0,0,0,0,0,0,0,0,0,0,0,0,0,0,0
78,8,458,7.992524862289429,83,1,1,1,3,1,1,1,24,1,1,1,9,2,1,1,20,1,1,1,19,1,5,1,20,1,16,2,1,1,3,1,1,1,13,2,3,1,29,1,15,1,6,1,1,1,23,1,5,1,1,1,26,1,13,1,10,1,19,2,1,1,10,1,1,1,12,1,12,1,19,1,4,1,3,1,1,1,26,1,18,1,7,1,0,0,0,0,0,0,0,0,0,0,0,0,0,0,0,0,0,0,0,0,0,0,0,0,0,0,0,0,0,0,0,0,0,0,0,0,0,0,0,0,0,0,0,0,0,0,0,0,0,0,0,0,0,0,0,0,0,0,0,0,0,0,0,0,0,0,0,0,0,0,0,0,0,0,0,0,0,0,0,0,0,0,0,0,0,0,0,0,0,0,0,0,0,0,0,0,0,0,0,0,0,0,0,0,0,0,0,0,0,0,0,0,0,0,0,0,0,0,0,0
79,80,425,5.917780876159668,72,1,1,1,1,1,1,1,26,1,22,1,16,2,1,1,3,1,24,1,16,1,3,1,11,1,1,1,22,1,9,1,10,1,1,1,21,2,2,1,11,1,11,1,23,1,8,1,2,1,1,1,31,1,15,2,17,3,2,1,24,2,21,1,7,1,1,1,9,1,7,1,1,0,0,0,0,0,0,0,0,0,0,0,0,0,0,0,0,0,0,0,0,0,0,0,0,0,0,0,0,0,0,0,0,0,0,0,0,0,0,0,0,0,0,0,0,0,0,0,0,0,0,0,0,0,0,0,0,0,0,0,0,0,0,0,0,0,0,0,0,0,0,0,0,0,0,0,0,0,0,0,0,0,0,0,0,0,0,0,0,0,0,0,0,0,0,0,0,0,0,0,0,0,0,0,0,0,0,0,0,0,0,0,0,0,0,0,0,0,0,0,0,0,0,0,0,0,0,0,0,0,0,0
80,81,384,5.8665452003479,70,1,1,1,1,1,1,1,22,1,1,1,3,1,20,2,1,1,25,2,24,1,18,1,3,1,1,1,13,2,2,1,19,1,1,1,11,1,15,1,16,1,7,1,11,1,1,1,26,1,8,1,8,1,22,1,3,1,1,1,7,1,23,1,12,1,9,1,8,1,1,0,0,0,0,0,0,0,0,0,0,0,0,0,0,0,0,0,0,0,0,0,0,0,0,0,0,0,0,0,0,0,0,0,0,0,0,0,0,0,0,0,0,0,0,0,0,0,0,0,0,0,0,0,0,0,0,0,0,0,0,0,0,0,0,0,0,0,0,0,0,0,0,0,0,0,0,0,0,0,0,0,0,0,0,0,0,0,0,0,0,0,0,0,0,0,0,0,0,0,0,0,0,0,0,0,0,0,0,0,0,0,0,0,0,0,0,0,0,0,0,0,0,0,0,0,0,0,0,0,0,0,0,0
81,82,770,10.851173877716064,136,1,1,1,2,1,1,1,27,1,21,1,9,1,1,1,10,1,14,1,22,1,7,1,14,1,4,1,1,1,23,1,6,1,8,2,2,1,20,1,1,1,6,1,1,1,14,1,14,1,14,1,2,1,1,1,12,1,9,1,8,1,1,1,27,2,16,1,13,1,2,2,1,1,27,1,19,1,7,1,1,1,24,1,10,1,2,1,1,1,28,1,15,1,3,1,1,1,1,1,21,1,21,1,1,1,22,2,1,1,21,1,4,1,17,1,1,1,22,1,23,1,5,1,1,1,17,1,7,1,20,1,11,1,7,1,1,0,0,0,0,0,0,0,0,0,0,0,0,0,0,0,0,0,0,0,0,0,0,0,0,0,0,0,0,0,0,0,0,0,0,0,0,0,0,0,0,0,0,0,0,0,0,0,0,0,0,0,0,0,0,0,0,0,0,0,0,0,0,0,0,0,0,0
82,83,455,7.812234163284302,90,1,1,1,2,1,1,1,19,1,5,1,18,1,1,1,6,1,1,1,17,1,6,1,5,1,1,1,24,1,9,1,15,1,18,2,1,1,15,1,7,1,23,1,2,1,2,1,1,1,31,1,16,1,2,1,1,1,22,1,17,1,7,1,6,1,1,1,26,1,5,1,19,1,9,1,1,1,10,1,1,1,3,1,2,1,1,1,22,1,6,0,0,0,0,0,0,0,0,0,0,0,0,0,0,0,0,0,0,0,0,0,0,0,0,0,0,0,0,0,0,0,0,0,0,0,0,0,0,0,0,0,0,0,0,0,0,0,0,0,0,0,0,0,0,0,0,0,0,0,0,0,0,0,0,0,0,0,0,0,0,0,0,0,0,0,0,0,0,0,0,0,0,0,0,0,0,0,0,0,0,0,0,0,0,0,0,0,0,0,0,0,0,0,0,0,0,0,0,0,0,0,0,0
83,84,666,9.995346069335938,122,1,1,1,1,1,1,1,22,1,17,1,4,1,1,1,1,1,22,1,1,1,16,1,9,1,15,1,1,1,19,1,5,1,5,1,1,1,24,1,8,1,1,1,3,1,21,1,23,1,19,1,2,1,1,1,20,1,6,1,18,1,19,1,2,2,1,1,21,1,18,2,1,1,23,1,1,1,1,1,29,1,17,1,15,1,1,1,3,1,27,1,14,1,2,1,1,1,24,1,24,1,3,1,15,1,1,1,1,1,2,1,1,1,18,1,9,1,16,2,1,1,2,0,0,0,0,0,0,0,0,0,0,0,0,0,0,0,0,0,0,0,0,0,0,0,0,0,0,0,0,0,0,0,0,0,0,0,0,0,0,0,0,0,0,0,0,0,0,0,0,0,0,0,0,0,0,0,0,0,0,0,0,0,0,0,0,0,0,0,0,0,0,0,0,0,0,0,0,0,0,0,0,0
84,85,84,1.8528530597686768,19,1,1,1,2,1,1,1,3,1,27,1,13,1,4,1,5,1,1,1,0,0,0,0,0,0,0,0,0,0,0,0,0,0,0,0,0,0,0,0,0,0,0,0,0,0,0,0,0,0,0,0,0,0,0,0,0,0,0,0,0,0,0,0,0,0,0,0,0,0,0,0,0,0,0,0,0,0,0,0,0,0,0,0,0,0,0,0,0,0,0,0,0,0,0,0,0,0,0,0,0,0,0,0,0,0,0,0,0,0,0,0,0,0,0,0,0,0,0,0,0,0,0,0,0,0,0,0,0,0,0,0,0,0,0,0,0,0,0,0,0,0,0,0,0,0,0,0,0,0,0,0,0,0,0,0,0,0,0,0,0,0,0,0,0,0,0,0,0,0,0,0,0,0,0,0,0,0,0,0,0,0,0,0,0,0,0,0,0,0,0,0,0,0,0,0,0,0,0,0,0,0,0,0
85,86,495,5.922887086868286,93,1,1,1,2,1,1,1,12,2,1,1,24,1,8,1,1,1,17,1,6,1,21,1,1,1,1,1,16,1,9,1,22,1,1,1,1,1,13,1,10,1,22,1,12,1,7,1,1,1,23,1,18,1,8,1,1,1,1,1,24,1,8,1,13,1,2,1,2,1,14,1,1,1,20,1,5,1,22,1,7,1,1,1,10,1,16,1,5,1,1,1,26,1,0,0,0,0,0,0,0,0,0,0,0,0,0,0,0,0,0,0,0,0,0,0,0,0,0,0,0,0,0,0,0,0,0,0,0,0,0,0,0,0,0,0,0,0,0,0,0,0,0,0,0,0,0,0,0,0,0,0,0,0,0,0,0,0,0,0,0,0,0,0,0,0,0,0,0,0,0,0,0,0,0,0,0,0,0,0,0,0,0,0,0,0,0,0,0,0,0,0,0,0,0,0,0,0,0,0,0,0,0,0
86,87,403,4.782628059387207,86,1,1,2,2,1,7,1,1,1,1,1,1,2,1,1,1,1,1,1,24,1,24,1,5,1,1,1,22,1,1,2,1,1,1,1,20,1,6,1,19,1,14,1,2,1,1,1,19,1,8,1,1,1,14,1,12,1,9,1,1,1,22,1,1,1,22,1,8,1,1,1,12,1,12,1,22,1,1,1,1,1,8,1,18,1,7,0,0,0,0,0,0,0,0,0,0,0,0,0,0,0,0,0,0,0,0,0,0,0,0,0,0,0,0,0,0,0,0,0,0,0,0,0,0,0,0,0,0,0,0,0,0,0,0,0,0,0,0,0,0,0,0,0,0,0,0,0,0,0,0,0,0,0,0,0,0,0,0,0,0,0,0,0,0,0,0,0,0,0,0,0,0,0,0,0,0,0,0,0,0,0,0,0,0,0,0,0,0,0,0,0,0,0,0,0,0,0,0,0,0,0,0,0
87,88,468,6.955924034118652,93,1,1,1,1,1,1,1,5,1,1,1,3,1,20,1,26,1,1,1,1,1,21,2,1,1,27,2,20,1,7,1,1,1,13,1,7,1,1,1,13,1,1,1,23,1,3,1,18,1,23,1,1,1,1,1,16,1,1,1,27,1,1,1,9,1,1,1,23,2,1,1,9,1,1,1,7,1,17,1,1,1,1,1,24,1,3,1,19,1,12,1,1,1,0,0,0,0,0,0,0,0,0,0,0,0,0,0,0,0,0,0,0,0,0,0,0,0,0,0,0,0,0,0,0,0,0,0,0,0,0,0,0,0,0,0,0,0,0,0,0,0,0,0,0,0,0,0,0,0,0,0,0,0,0,0,0,0,0,0,0,0,0,0,0,0,0,0,0,0,0,0,0,0,0,0,0,0,0,0,0,0,0,0,0,0,0,0,0,0,0,0,0,0,0,0,0,0,0,0,0,0,0,0
88,89,185,2.7893869876861572,40,1,1,1,1,1,1,1,18,1,9,1,15,1,1,1,16,1,5,1,1,1,10,2,2,1,14,1,1,1,25,2,20,1,14,1,6,1,1,1,1,0,0,0,0,0,0,0,0,0,0,0,0,0,0,0,0,0,0,0,0,0,0,0,0,0,0,0,0,0,0,0,0,0,0,0,0,0,0,0,0,0,0,0,0,0,0,0,0,0,0,0,0,0,0,0,0,0,0,0,0,0,0,0,0,0,0,0,0,0,0,0,0,0,0,0,0,0,0,0,0,0,0,0,0,0,0,0,0,0,0,0,0,0,0,0,0,0,0,0,0,0,0,0,0,0,0,0,0,0,0,0,0,0,0,0,0,0,0,0,0,0,0,0,0,0,0,0,0,0,0,0,0,0,0,0,0,0,0,0,0,0,0,0,0,0,0,0,0,0,0,0,0,0,0,0,0,0,0,0,0,0,0,0
89,9,267,4.773828029632568,54,1,1,2,1,1,1,1,6,1,14,1,1,1,10,1,1,1,27,1,23,1,16,1,1,1,3,1,1,1,28,1,3,1,1,1,6,1,15,1,22,2,1,1,6,1,19,1,22,1,1,1,4,2,2,0,0,0,0,0,0,0,0,0,0,0,0,0,0,0,0,0,0,0,0,0,0,0,0,0,0,0,0,0,0,0,0,0,0,0,0,0,0,0,0,0,0,0,0,0,0,0,0,0,0,0,0,0,0,0,0,0,0,0,0,0,0,0,0,0,0,0,0,0,0,0,0,0,0,0,0,0,0,0,0,0,0,0,0,0,0,0,0,0,0,0,0,0,0,0,0,0,0,0,0,0,0,0,0,0,0,0,0,0,0,0,0,0,0,0,0,0,0,0,0,0,0,0,0,0,0,0,0,0,0,0,0,0,0,0,0,0,0,0,0,0,0,0,0,0,0,0,0,0
90,90,148,1.8661048412322998,32,1,1,1,2,1,1,1,11,1,14,1,20,1,8,1,13,1,1,1,1,1,24,1,4,1,15,1,9,1,1,1,6,0,0,0,0,0,0,0,0,0,0,0,0,0,0,0,0,0,0,0,0,0,0,0,0,0,0,0,0,0,0,0,0,0,0,0,0,0,0,0,0,0,0,0,0,0,0,0,0,0,0,0,0,0,0,0,0,0,0,0,0,0,0,0,0,0,0,0,0,0,0,0,0,0,0,0,0,0,0,0,0,0,0,0,0,0,0,0,0,0,0,0,0,0,0,0,0,0,0,0,0,0,0,0,0,0,0,0,0,0,0,0,0,0,0,0,0,0,0,0,0,0,0,0,0,0,0,0,0,0,0,0,0,0,0,0,0,0,0,0,0,0,0,0,0,0,0,0,0,0,0,0,0,0,0,0,0,0,0,0,0,0,0,0,0,0,0,0,0,0,0,0
91,91,198,3.7573039531707764,48,1,1,1,1,2,3,1,26,1,3,1,1,1,3,1,26,1,17,1,3,1,12,1,1,1,5,1,1,1,7,1,1,1,6,1,1,1,16,1,2,1,1,1,22,1,12,1,1,0,0,0,0,0,0,0,0,0,0,0,0,0,0,0,0,0,0,0,0,0,0,0,0,0,0,0,0,0,0,0,0,0,0,0,0,0,0,0,0,0,0,0,0,0,0,0,0,0,0,0,0,0,0,0,0,0,0,0,0,0,0,0,0,0,0,0,0,0,0,0,0,0,0,0,0,0,0,0,0,0,0,0,0,0,0,0,0,0,0,0,0,0,0,0,0,0,0,0,0,0,0,0,0,0,0,0,0,0,0,0,0,0,0,0,0,0,0,0,0,0,0,0,0,0,0,0,0,0,0,0,0,0,0,0,0,0,0,0,0,0,0,0,0,0,0,0,0,0,0,0,0,0,0,0
92,92,391,4.8130388259887695,78,1,1,1,1,1,1,1,14,1,1,1,23,1,1,1,24,1,18,1,2,1,1,1,23,1,20,1,6,1,21,1,2,1,1,1,1,1,20,1,7,1,5,1,1,1,13,1,1,1,25,1,2,1,10,1,1,1,3,1,1,1,22,1,3,1,15,1,1,1,23,1,9,1,13,1,14,1,1,0,0,0,0,0,0,0,0,0,0,0,0,0,0,0,0,0,0,0,0,0,0,0,0,0,0,0,0,0,0,0,0,0,0,0,0,0,0,0,0,0,0,0,0,0,0,0,0,0,0,0,0,0,0,0,0,0,0,0,0,0,0,0,0,0,0,0,0,0,0,0,0,0,0,0,0,0,0,0,0,0,0,0,0,0,0,0,0,0,0,0,0,0,0,0,0,0,0,0,0,0,0,0,0,0,0,0,0,0,0,0,0,0,0,0,0,0,0,0,0,0,0,0,0,0
93,93,242,3.816721200942993,45,1,1,1,1,1,1,1,31,1,15,1,9,1,1,1,19,1,7,1,13,1,1,1,23,1,4,1,1,1,13,1,1,1,20,1,1,1,9,1,19,1,19,1,7,1,0,0,0,0,0,0,0,0,0,0,0,0,0,0,0,0,0,0,0,0,0,0,0,0,0,0,0,0,0,0,0,0,0,0,0,0,0,0,0,0,0,0,0,0,0,0,0,0,0,0,0,0,0,0,0,0,0,0,0,0,0,0,0,0,0,0,0,0,0,0,0,0,0,0,0,0,0,0,0,0,0,0,0,0,0,0,0,0,0,0,0,0,0,0,0,0,0,0,0,0,0,0,0,0,0,0,0,0,0,0,0,0,0,0,0,0,0,0,0,0,0,0,0,0,0,0,0,0,0,0,0,0,0,0,0,0,0,0,0,0,0,0,0,0,0,0,0,0,0,0,0,0,0,0,0,0,0,0
94,94,332,3.8024511337280273,57,1,1,1,1,1,1,1,24,1,15,1,8,1,20,2,1,1,15,1,7,1,23,1,16,1,6,2,1,1,24,1,11,2,1,1,24,1,16,1,1,1,7,1,9,1,1,1,23,1,3,1,1,1,9,1,18,1,0,0,0,0,0,0,0,0,0,0,0,0,0,0,0,0,0,0,0,0,0,0,0,0,0,0,0,0,0,0,0,0,0,0,0,0,0,0,0,0,0,0,0,0,0,0,0,0,0,0,0,0,0,0,0,0,0,0,0,0,0,0,0,0,0,0,0,0,0,0,0,0,0,0,0,0,0,0,0,0,0,0,0,0,0,0,0,0,0,0,0,0,0,0,0,0,0,0,0,0,0,0,0,0,0,0,0,0,0,0,0,0,0,0,0,0,0,0,0,0,0,0,0,0,0,0,0,0,0,0,0,0,0,0,0,0,0,0,0,0,0,0,0,0,0,0
95,95,279,3.7832000255584717,54,1,1,1,2,1,1,1,14,1,10,1,5,1,1,1,20,1,1,1,7,1,17,1,23,1,5,1,12,1,1,1,21,1,1,1,20,1,7,1,16,1,1,1,19,1,4,1,21,1,19,1,1,1,1,0,0,0,0,0,0,0,0,0,0,0,0,0,0,0,0,0,0,0,0,0,0,0,0,0,0,0,0,0,0,0,0,0,0,0,0,0,0,0,0,0,0,0,0,0,0,0,0,0,0,0,0,0,0,0,0,0,0,0,0,0,0,0,0,0,0,0,0,0,0,0,0,0,0,0,0,0,0,0,0,0,0,0,0,0,0,0,0,0,0,0,0,0,0,0,0,0,0,0,0,0,0,0,0,0,0,0,0,0,0,0,0,0,0,0,0,0,0,0,0,0,0,0,0,0,0,0,0,0,0,0,0,0,0,0,0,0,0,0,0,0,0,0,0,0,0,0,0,0
96,96,416,5.785989046096802,84,1,1,1,1,1,1,1,17,1,7,1,23,1,4,1,1,1,9,1,12,1,1,1,2,2,2,1,22,1,5,1,19,1,19,1,4,1,1,1,7,1,20,1,20,1,3,1,7,1,1,1,28,1,8,2,1,1,25,1,10,1,1,1,10,1,18,1,1,1,1,1,5,1,1,1,20,1,6,1,22,1,4,1,1,0,0,0,0,0,0,0,0,0,0,0,0,0,0,0,0,0,0,0,0,0,0,0,0,0,0,0,0,0,0,0,0,0,0,0,0,0,0,0,0,0,0,0,0,0,0,0,0,0,0,0,0,0,0,0,0,0,0,0,0,0,0,0,0,0,0,0,0,0,0,0,0,0,0,0,0,0,0,0,0,0,0,0,0,0,0,0,0,0,0,0,0,0,0,0,0,0,0,0,0,0,0,0,0,0,0,0,0,0,0,0,0,0,0,0,0,0,0,0
97,97,561,6.967036008834839,106,1,1,1,1,1,1,1,13,1,1,1,3,1,22,1,22,1,12,1,1,1,26,1,1,1,9,1,1,1,25,1,13,1,4,1,21,2,1,1,19,1,7,1,9,1,1,1,22,1,1,1,6,2,2,1,23,1,4,1,1,1,11,1,1,1,3,1,22,1,7,1,1,1,17,1,12,1,14,1,13,1,9,1,4,1,1,1,28,1,9,1,1,1,9,1,1,1,22,2,1,1,6,1,21,1,18,0,0,0,0,0,0,0,0,0,0,0,0,0,0,0,0,0,0,0,0,0,0,0,0,0,0,0,0,0,0,0,0,0,0,0,0,0,0,0,0,0,0,0,0,0,0,0,0,0,0,0,0,0,0,0,0,0,0,0,0,0,0,0,0,0,0,0,0,0,0,0,0,0,0,0,0,0,0,0,0,0,0,0,0,0,0,0,0,0,0,0,0,0,0,0,0,0
98,98,86,1.7685189247131348,20,1,1,1,2,1,1,1,6,1,4,1,1,1,14,2,2,1,28,1,15,0,0,0,0,0,0,0,0,0,0,0,0,0,0,0,0,0,0,0,0,0,0,0,0,0,0,0,0,0,0,0,0,0,0,0,0,0,0,0,0,0,0,0,0,0,0,0,0,0,0,0,0,0,0,0,0,0,0,0,0,0,0,0,0,0,0,0,0,0,0,0,0,0,0,0,0,0,0,0,0,0,0,0,0,0,0,0,0,0,0,0,0,0,0,0,0,0,0,0,0,0,0,0,0,0,0,0,0,0,0,0,0,0,0,0,0,0,0,0,0,0,0,0,0,0,0,0,0,0,0,0,0,0,0,0,0,0,0,0,0,0,0,0,0,0,0,0,0,0,0,0,0,0,0,0,0,0,0,0,0,0,0,0,0,0,0,0,0,0,0,0,0,0,0,0,0,0,0,0,0,0,0,0
99,99,470,6.926848888397217,92,1,1,1,1,1,1,1,25,2,1,1,23,1,3,1,9,1,1,1,19,1,1,1,9,1,1,1,3,1,19,1,17,1,1,1,9,1,5,1,1,1,26,1,11,1,6,1,1,1,25,1,16,1,5,1,19,1,2,1,1,1,16,1,11,1,20,1,1,1,1,1,15,1,13,1,15,1,11,1,8,1,1,1,14,1,1,1,26,1,1,1,6,0,0,0,0,0,0,0,0,0,0,0,0,0,0,0,0,0,0,0,0,0,0,0,0,0,0,0,0,0,0,0,0,0,0,0,0,0,0,0,0,0,0,0,0,0,0,0,0,0,0,0,0,0,0,0,0,0,0,0,0,0,0,0,0,0,0,0,0,0,0,0,0,0,0,0,0,0,0,0,0,0,0,0,0,0,0,0,0,0,0,0,0,0,0,0,0,0,0,0,0,0,0,0,0,0,0,0,0,0,0,0
